@
-0.193074895155188	-0.00000049175991989614
-0.190720327189058	-0.000000733855301859876
-0.188365759222929	-0.000000568926509458834
-0.1860111912568	-0.000000240014884411721
-0.183656591882612	-0.000000364708483857612
-0.181302023916483	-0.000000253768803304411
-0.178947455950354	-0.000000324149539210339
-0.176592887984225	0.000000169923097814717
-0.174238320018096	0.000000177675673285194
-0.171883752051967	0.000000344452701028786
-0.169529184085838	0.00000046854734137014
-0.167174616119709	0.000000584639394674014
-0.16482004815358	0.000000651348329938628
-0.162465464483421	0.000000964558921623393
-0.160110880813263	0.00000103931051853579
-0.157756312847134	0.000000984030521067325
-0.155401744881005	0.0000014839459936411
-0.153047176914876	0.00000156129544848227
-0.150692608948747	0.00000170173370861448
-0.148338025278588	0.00000187995033229527
-0.145983457312459	0.00000168477663464728
-0.14362888934633	0.00000258437057709671
-0.141274305676171	0.00000260336855717469
-0.138919737710042	0.00000284332304545387
-0.136565169743913	0.00000295411950901325
-0.134210601777784	0.00000330245256918715
-0.131856018107625	0.00000335304775944678
-0.129501450141496	0.00000355039537680568
-0.127146882175367	0.00000407888774134335
-0.124792314209238	0.00000444269244326279
-0.12243773053908	0.00000454285373052699
-0.120083162572951	0.00000445951309302473
-0.117728594606822	0.00000482192626805045
-0.115374026640693	0.00000526298526892788
-0.113019458674564	0.00000505880370837986
-0.110664875004405	0.0000057323291002831
-0.108310307038276	0.00000598478027313831
-0.105955739072147	0.0000061922510212753
-0.103601171106018	0.00000664739536659908
-0.101246587435859	0.0000069244701990101
-0.0988920194697302	0.00000675266574035049
-0.0965374515036012	0.00000724296978660277
-0.0941828678334426	0.0000077293270805967
-0.0918282998673135	0.00000818237913335906
-0.0894737319011845	0.00000876067770150257
-0.0871191639350554	0.00000918496607482666
-0.0847645802648968	0.0000092920981842326
-0.0824100122987678	0.00000958566124609206
-0.0800554443326387	0.00000980238291958813
-0.0777008763665097	0.0000098369937404641
-0.0753463084003806	0.0000103724960354157
-0.072991724730222	0.0000103321335700457
-0.070637156764093	0.0000106083607533947
-0.068282588797964	0.0000104111977634602
-0.0659280208318349	0.0000106950956251239
-0.0635734371616763	0.0000110247092379723
-0.0612188691955473	0.0000109131624412839
-0.0588643012294182	0.0000111824292616802
-0.0565097175592596	0.0000114495587695274
-0.0541551495931306	0.0000117331364890561
-0.0518005816270015	0.0000119022797662183
-0.0494460136608725	0.0000118080188258318
-0.0470914299907139	0.0000121251741802553
-0.0447368620245848	0.0000125978713185759
-0.0423822940584558	0.0000130496910060174
-0.0400277260923268	0.0000138325640364201
-0.0376731581261977	0.0000148009603435639
-0.0353185744560391	0.0000168376045621699
-0.0329640064899101	0.0000195692846318707
-0.030609438523781	0.0000237117910728557
-0.0282548627056372	0.0000311220355797559
-0.0259002868874934	0.000041083443647949
-0.0235457189213643	0.0000561980814381968
-0.0211911509552353	0.0000783077266532928
-0.0188365751370915	0.000109029562736396
-0.0164819993189476	0.000150055086123757
-0.0141274313528186	0.000206471857381985
-0.0117728555346748	0.000280267908237875
-0.00941828756854573	0.000373800721717998
-0.00706371960241669	0.000491560611408204
-0.00470914378427287	0.000638111785519868
-0.00235456796612905	0.000812964572105557
0	0.00102690258063376
0.00235456796612905	0.00127965840511024
0.00470914378427287	0.00158805947285146
0.00706371175040191	0.00197230326011777
0.00941828756854573	0.00245530321262777
0.0117728633866896	0.0030931793153286
0.0141274313528186	0.00394493481144309
0.0164819993189476	0.00515419524163008
0.0188365751370915	0.00683720083907247
0.0211911509552353	0.00924420077353716
0.0235457189213643	0.0125597389414907
0.0259002868874934	0.0171532277017832
0.0282548627056372	0.0233552679419518
0.0306094306717662	0.0318419598042965
0.0329640064899101	0.0428012982010841
0.0353185783820465	0.0564161688089371
0.0376731502741829	0.07304747402668
0.0400277221663194	0.0922994911670685
0.0423822940584558	0.114043347537518
0.0447368659505922	0.137558564543724
0.0470914378427287	0.161562636494637
0.0494460097348651	0.185408592224121
0.0518005816270015	0.207004576921463
0.054155153519138	0.225679874420166
0.0565097254112744	0.241454392671585
0.0588642973034108	0.254587680101395
0.0612188691955473	0.264575749635696
0.0635734410876837	0.272218763828278
0.0659280129798201	0.276698142290115
0.0682825848719566	0.278000771999359
0.070637156764093	0.276650011539459
0.0729917286562294	0.272467225790024
0.0753463005483659	0.266021132469177
0.0777008724405023	0.257100403308868
0.0800554443326387	0.246533036231995
0.0824100162247752	0.234609887003899
0.0847645881169116	0.221921503543854
0.087119160009048	0.209021896123886
0.0894737319011845	0.196630910038948
0.0918283037933209	0.185815468430519
0.0941828756854573	0.177260190248489
0.0965374475775938	0.171356528997421
0.0988920194697302	0.167558833956718
0.101246591361867	0.16550649702549
0.103601163254003	0.165492445230484
0.10595573514614	0.167024791240692
0.108310307038276	0.169977694749832
0.110664878930412	0.173813685774803
0.113019450822549	0.177626132965088
0.115374022714685	0.180867448449135
0.117728594606822	0.183103621006012
0.120083166498958	0.184193968772888
0.122437738391095	0.18445086479187
0.124792310283231	0.183912843465805
0.127146882175367	0.183008372783661
0.129501454067504	0.181703969836235
0.13185602595964	0.180445834994316
0.134210597851777	0.179322749376297
0.136565169743913	0.178512915968895
0.13891974163605	0.17808523774147
0.141274313528186	0.178042933344841
0.143628885420322	0.178253889083862
0.145983457312459	0.178657621145248
0.148338029204595	0.17934675514698
0.150692601096732	0.1797995865345
0.153047172988868	0.180372431874275
0.155401744881005	0.180951222777367
0.157756316773141	0.181412309408188
0.160110888665277	0.181959763169289
0.162465460557414	0.182414546608925
0.16482003244955	0.182984426617622
0.167174600415679	0.18353608250618
0.169529176233823	0.184182330965996
0.171883752051967	0.184954896569252
0.174238320018096	0.18582671880722
0.176592887984225	0.186757892370224
0.178947463802369	0.18769383430481
0.181302039620513	0.188779830932617
0.183656607586642	0.189806774258614
0.186011183404786	0.190734684467316
0.188365751370915	0.19169893860817
0.190720319337044	0.192606523633003
0.193074895155188	0.193607166409492
0.195429470973331	0.194492504000664
0.19778403893946	0.195437699556351
0.200138614757604	0.196381419897079
0.202493182723733	0.19730207324028
0.204847750689862	0.198179632425308
0.207202326508006	0.199146673083305
0.20955690232615	0.200055077672005
0.211911470292279	0.201018765568733
0.214266038258408	0.201943382620811
0.216620614076552	0.202896133065224
0.218975189894696	0.203831911087036
0.221329757860825	0.204793483018875
0.223684333678969	0.20573878288269
0.226038901645098	0.206700935959816
0.228393469611227	0.20761302113533
0.23074804542937	0.208579406142235
0.2331026133955	0.209497451782227
0.235457181361629	0.210503026843071
0.237811765031787	0.211523696780205
0.240166332997916	0.212554216384888
0.242520900964045	0.213508635759354
0.244875468930174	0.214461460709572
0.247230052600333	0.215488910675049
0.249584620566462	0.216409131884575
0.251939188532591	0.217455267906189
0.25429377220275	0.218427494168282
0.256648340168879	0.219413727521896
0.259002908135008	0.220390230417252
0.261357476101137	0.221487894654274
0.263712059771295	0.222488328814507
0.266066627737424	0.223545327782631
0.268421195703553	0.224579349160194
0.270775763669682	0.225530013442039
0.273130331635812	0.226560294628143
0.27548491530597	0.227576941251755
0.277839483272099	0.22858390212059
0.280194051238228	0.229600965976715
0.282548619204357	0.230612739920616
0.284903202874516	0.231592059135437
0.287257770840645	0.232592076063156
0.289612338806774	0.233587071299553
0.291966922476933	0.234607070684433
0.294321490443062	0.235630705952644
0.296676058409191	0.236548215150833
0.29903062637532	0.237539172172546
0.301385210045478	0.238523125648499
0.303739778011607	0.239546209573746
0.306094345977736	0.240561604499817
0.308448913943865	0.241592258214951
0.310803481909994	0.242572993040085
0.313158065580153	0.243600517511368
0.315512633546282	0.244607165455818
0.317867201512411	0.245639890432358
0.32022176947854	0.246657326817513
0.322576353148699	0.247668951749802
0.324930921114828	0.248653218150139
0.327285489080957	0.249668315052986
0.329640072751115	0.250670492649078
0.331994640717244	0.251677483320236
0.334349208683374	0.252640575170517
0.336703776649503	0.253645896911621
0.339058360319661	0.254677385091782
0.34141292828579	0.255682826042175
0.343767496251919	0.256650775671005
0.346122064218048	0.257660537958145
0.348476632184177	0.258652567863464
0.350831215854336	0.259670168161392
0.353185783820465	0.260668039321899
0.355540351786594	0.261622130870819
0.357894919752723	0.262550383806229
0.360249503422882	0.263459056615829
0.362604071389011	0.26434737443924
0.364958655059169	0.265175133943558
0.367313223025298	0.265894025564194
0.369667790991427	0.266573756933212
0.372022358957556	0.267084568738937
0.374376926923686	0.267489939928055
0.376731494889815	0.267743587493896
0.379086062855944	0.267857432365417
0.381440630822073	0.267836511135101
0.383795230196261	0.267653077840805
0.38614979816239	0.267283618450165
0.388504366128519	0.266759932041168
0.390858934094648	0.26604887843132
0.393213502060777	0.265189379453659
0.395568070026906	0.26422792673111
0.397922637993035	0.263155311346054
0.400277237367223	0.262004554271698
0.402631805333352	0.260763645172119
0.404986373299481	0.25942787528038
0.40734094126561	0.258031606674194
0.409695509231739	0.256536871194839
0.412050077197868	0.254939585924149
0.414404645163998	0.253225326538086
0.416759213130127	0.251417279243469
0.419113781096256	0.249522224068642
0.421468380470444	0.247501567006111
0.423822948436573	0.245391711592674
0.426177516402702	0.243115678429604
0.428532084368831	0.240757510066032
0.43088665233496	0.238321557641029
0.433241220301089	0.235793754458427
0.435595788267218	0.23325003683567
0.437950356233347	0.230660423636436
0.440304955607535	0.228102996945381
0.442659523573664	0.225606843829155
0.445014091539793	0.223283663392067
0.447368659505922	0.221218585968018
0.449723227472051	0.219470590353012
0.45207779543818	0.218142449855804
0.454432363404309	0.217307418584824
0.456786962778498	0.217034444212914
0.459141530744627	0.217478230595589
0.461496098710756	0.218730866909027
0.463850666676885	0.220919013023376
0.466205234643014	0.224082231521606
0.468559802609143	0.228156045079231
0.470914370575272	0.233120694756508
0.473268938541401	0.238892525434494
0.47562350650753	0.245200231671333
0.477978105881718	0.251879125833511
0.480332673847847	0.258670806884766
0.482687241813976	0.265335589647293
0.485041809780105	0.271708130836487
0.487396377746234	0.277638375759125
0.489750945712363	0.283095359802246
0.492105513678492	0.288061380386353
0.494460113052681	0.292617470026016
0.49681468101881	0.296853214502335
0.499169248984939	0.30083304643631
0.501523816951068	0.304667741060257
0.503878384917197	0.308367490768433
0.506232952883326	0.312020003795624
0.508587520849455	0.315561413764954
0.510942088815584	0.319008976221085
0.513296688189772	0.322263330221176
0.515651256155901	0.325281709432602
0.51800582412203	0.328082263469696
0.520360392088159	0.330604881048203
0.522714960054288	0.332895159721375
0.525069528020417	0.334940880537033
0.527424095986546	0.33675017952919
0.529778663952675	0.338408142328262
0.532133231918804	0.339930534362793
0.534487831292992	0.341290861368179
0.536842399259122	0.342538714408875
0.539196967225251	0.343619644641876
0.54155153519138	0.344634264707565
0.543906103157509	0.345505803823471
0.546260671123638	0.346259862184525
0.548615239089767	0.346916973590851
0.550969838463955	0.347435534000397
0.553324406430084	0.347831964492798
0.555678974396213	0.348123341798782
0.558033542362342	0.348327219486237
0.560388110328471	0.34844246506691
0.5627426782946	0.348498910665512
0.565097246260729	0.348518759012222
0.567451814226858	0.348482489585876
0.569806413601046	0.3483866751194
0.572160981567175	0.348280310630798
0.574515549533305	0.348126024007797
0.576870117499434	0.347957700490952
0.579224685465563	0.347752004861832
0.581579253431692	0.347499668598175
0.583933821397821	0.347230046987534
0.58628838936395	0.34690073132515
0.588642957330079	0.346577882766724
0.590997556704267	0.346180349588394
0.593352124670396	0.345757156610489
0.595706692636525	0.345271199941635
0.598061260602654	0.344726234674454
0.600415828568783	0.344126552343369
0.602770396534912	0.343448609113693
0.605124964501041	0.342650026082993
0.607479563875229	0.34176042675972
0.609834131841358	0.340774059295654
0.612188699807487	0.339650183916092
0.614543267773616	0.338355839252472
0.616897835739746	0.336911052465439
0.619252403705875	0.335336029529572
0.621606971672004	0.333625823259354
0.623961539638133	0.331838428974152
0.626316139012321	0.329962998628616
0.628670675570391	0.328100144863129
0.631025274944579	0.326274216175079
0.633379811502649	0.324580878019333
0.635734410876837	0.323084264993668
0.638089010251025	0.32182389497757
0.640443546809095	0.320852607488632
0.642798146183283	0.320219993591309
0.645152682741353	0.319958060979843
0.647507282115541	0.320049166679382
0.649861818673611	0.320458859205246
0.652216418047799	0.321177095174789
0.654570954605869	0.322109997272491
0.656925553980057	0.323225438594818
0.659280153354246	0.324461936950684
0.661634689912316	0.325753003358841
0.663989289286504	0.327033370733261
0.666343825844574	0.328270524740219
0.668698425218762	0.329415291547775
0.671052961776832	0.330414235591888
0.67340756115102	0.331233263015747
0.675762160525208	0.331862896680832
0.678116697083278	0.332313358783722
0.680471296457466	0.33254399895668
0.682825833015536	0.332615584135056
0.685180432389724	0.332464605569839
0.687534968947794	0.332154929637909
0.689889568321982	0.331691145896912
0.69224416769617	0.331162869930267
0.69459870425424	0.330488085746765
0.696953303628429	0.329832404851913
0.699307840186499	0.329112201929092
0.701662439560687	0.328422516584396
0.704016976118757	0.327708929777145
0.706371575492945	0.327020585536957
0.708726112051015	0.326282411813736
0.711080711425203	0.325616657733917
0.713435310799391	0.324867427349091
0.715789847357461	0.324149906635284
0.718144446731649	0.323358118534088
0.720498983289719	0.322512537240982
0.722853582663907	0.321680963039398
0.725208119221977	0.320815801620483
0.727562718596165	0.319924622774124
0.729917255154235	0.319044828414917
0.732271854528423	0.318103045225143
0.734626453902612	0.317135572433472
0.736980990460681	0.31616348028183
0.73933558983487	0.315161973237991
0.74169012639294	0.314111977815628
0.744044725767128	0.313047647476196
0.746399262325198	0.311966180801392
0.748753861699386	0.31079688668251
0.751108461073574	0.309628933668137
0.753462997631644	0.308342039585114
0.755817597005832	0.30700671672821
0.758172133563902	0.305518299341202
0.76052673293809	0.303937435150146
0.76288126949616	0.302299559116364
0.765235868870348	0.300540596246719
0.767590405428418	0.298693239688873
0.769945004802606	0.296774357557297
0.772299604176794	0.294814050197601
0.774654140734864	0.292866915464401
0.777008740109053	0.291023939847946
0.779363276667122	0.28936967253685
0.781717876041311	0.287971764802933
0.784072412599381	0.286922782659531
0.786427011973569	0.2862928211689
0.788781611347757	0.286159366369247
0.791136147905827	0.286686390638351
0.793490747280015	0.287864595651627
0.795845283838085	0.289707392454147
0.798199883212273	0.292102575302124
0.800554419770343	0.294865518808365
0.802909019144531	0.29777529835701
0.805263618518719	0.30031606554985
0.807618155076789	0.302283585071564
0.809972754450977	0.303392857313156
0.812327291009047	0.303162902593613
0.814681890383235	0.301155626773834
0.817036426941305	0.297089725732803
0.819391026315494	0.290649265050888
0.821745562873563	0.281536400318146
0.824100162247752	0.269972503185272
0.82645476162194	0.255879372358322
0.82880929818001	0.23953203856945
0.831163897554198	0.221216544508934
0.833518434112268	0.201219290494919
0.835873033486456	0.17997819185257
0.838227570044526	0.157888740301132
0.840582169418714	0.135340705513954
0.842936768792902	0.112500235438347
0.845291305350972	0.0896716639399529
0.84764590472516	0.0669693872332573
0.85000044128323	0.0444826297461987
0.852355040657418	0.0223116427659988
0.854709577215488	0.000360284146154299
0.857064176589676	-0.0211921390146017
0.859418713147746	-0.0424916334450245
0.861773312521935	-0.0633620917797089
0.864127911896123	-0.0836483165621758
0.866482448454193	-0.103134289383888
0.868837047828381	-0.121460363268852
0.871191584386451	-0.138379529118538
0.873546183760639	-0.153547182679176
0.875900720318709	-0.167023435235024
0.878255319692897	-0.178235039114952
0.880609856250967	-0.187222316861153
0.882964455625155	-0.193980351090431
0.885319054999343	-0.19883967936039
0.887673591557413	-0.202167049050331
0.890028190931601	-0.204321786761284
0.892382727489671	-0.205486759543419
0.894737326863859	-0.20593535900116
0.897091863421929	-0.206338584423065
0.899446462796118	-0.207037061452866
0.901801062170306	-0.208625450730324
0.904155598728376	-0.211194902658463
0.906510198102564	-0.214977234601974
0.908864734660634	-0.219762220978737
0.911219334034822	-0.225890874862671
0.913573870592892	-0.232526108622551
0.91592846996708	-0.239015147089958
0.918283069341268	-0.245704963803291
0.920637605899338	-0.252189338207245
0.922992205273526	-0.258332639932632
0.925346741831596	-0.263746231794357
0.927701341205784	-0.268043786287308
0.930055877763854	-0.270805537700653
0.932410477138042	-0.27184209227562
0.934765013696112	-0.270833313465118
0.9371196130703	-0.267456293106079
0.939474212444489	-0.261502921581268
0.941828749002559	-0.253162056207657
0.944183348376747	-0.242466896772385
0.946537884934817	-0.230533227324486
0.948892484309005	-0.217961490154266
0.951247020867075	-0.205895304679871
0.953601620241263	-0.195273667573929
0.955956219615451	-0.187207698822021
0.958310756173521	-0.182886451482773
0.960665355547709	-0.182686850428581
0.963019892105779	-0.186487317085266
0.965374491479967	-0.193542554974556
0.967729028038037	-0.203096613287926
0.970083627412225	-0.214462518692017
0.972438163970295	-0.226767212152481
0.974792763344483	-0.237678542733192
0.977147362718672	-0.246095418930054
0.979501899276741	-0.249766692519188
0.98185649865093	-0.246616303920746
0.984211035209	-0.234763011336327
0.986565634583188	-0.21486884355545
0.988920171141258	-0.188889741897583
0.991274770515446	-0.159715220332146
0.993629307073516	-0.130679562687874
0.995983906447704	-0.10554014891386
0.998338505821892	-0.0829377546906471
1.00069304237996	-0.0640771239995956
1.00304764175415	-0.0489697083830833
1.00540217831222	-0.0382366627454758
1.00775677768641	-0.0321670062839985
1.01011131424448	-0.0291071943938732
1.01246591361867	-0.0297221802175045
1.01482051299285	-0.0322311148047447
1.01717504955092	-0.035309050232172
1.01952964892511	-0.0383902676403522
1.02188418548318	-0.0411172732710838
1.02423878485737	-0.0432259701192379
1.02659332141544	-0.0441535040736198
1.02894792078963	-0.043490931391716
1.0313024573477	-0.0417504347860813
1.03365705672189	-0.0390939563512802
1.03601165609608	-0.0358353592455387
1.03836619265415	-0.0324237756431103
1.04072079202833	-0.0290662404149771
1.0430753285864	-0.0260265879333019
1.04542992796059	-0.0233213286846876
1.04778446451866	-0.0209355764091015
1.05013906389285	-0.0188881140202284
1.05249366326704	-0.0168766062706709
1.05484819982511	-0.0150494035333395
1.0572027991993	-0.0131680089980364
1.05955733575737	-0.0111006433144212
1.06191193513155	-0.00914883892983198
1.06426647168962	-0.00716205267235637
1.06662107106381	-0.00521438522264361
1.068975670438	-0.00335325277410448
1.07133020699607	-0.00162083015311509
1.07368480637026	0.0000935221032705158
1.07603934292833	0.00178927229717374
1.07839394230252	0.00338162970729172
1.08074847886059	0.00487582618370652
1.08310307823477	0.00637774541974068
1.08545761479284	0.00769413216039538
1.08781221416703	0.00892442930489779
1.09016681354122	0.00982151087373495
1.09252135009929	0.0105045298114419
1.09487594947348	0.0111042028293014
1.09723048603155	0.0113423122093081
1.09958508540574	0.0114201679825783
1.10193962196381	0.0114310691133142
1.10429422133799	0.0112722022458911
1.10664875789606	0.0110528115183115
1.10900335727025	0.0107524013146758
1.11135795664444	0.0104863159358501
1.11371249320251	0.0101137738674879
1.1160670925767	0.00982861407101154
1.11842162913477	0.00950829032808542
1.12077622850896	0.00923191662877798
1.12313076506703	0.00889541022479534
1.12548536444122	0.0085487486794591
1.1278399638154	0.00836932938545942
1.13019450037347	0.00811995565891266
1.13254909974766	0.00795458722859621
1.13490363630573	0.00772711774334311
1.13725823567992	0.00751504162326455
1.13961277223799	0.00729956943541765
1.14196737161218	0.00719483848661184
1.14432190817025	0.0071402546018362
1.14667650754444	0.0071176984347403
1.14903110691862	0.00703759072348475
1.15138564347669	0.00707024708390236
1.15374024285088	0.00716888718307018
1.15609484222507	0.00726423785090446
1.15844931596702	0.00755482772365212
1.16080391534121	0.00788559857755899
1.1631585147154	0.00827801320701838
1.16551311408959	0.00885087344795465
1.16786771346377	0.00953212659806013
1.17022218720573	0.0102554066106677
1.17257678657991	0.0111257964745164
1.1749313859541	0.0122081693261862
1.17728598532829	0.0132826594635844
1.17964045907024	0.0144327841699123
1.18199505844443	0.0154257137328386
1.18434965781862	0.0164569821208715
1.18670425719281	0.0175252240151167
1.18905885656699	0.018621027469635
1.19141333030895	0.0197689905762672
1.19376792968313	0.0209216382354498
1.19612252905732	0.0221392158418894
1.19847712843151	0.0233833305537701
1.20083160217346	0.0245313048362732
1.20318620154765	0.0255252234637737
1.20554080092184	0.0265489723533392
1.20789540029603	0.0275747422128916
1.21024999967022	0.0287159457802773
1.21260447341217	0.0298676304519176
1.21495907278636	0.0309205874800682
1.21731367216054	0.0319996513426304
1.21966827153473	0.0330633148550987
1.22202287090892	0.0339951924979687
1.22437734465087	0.0347934402525425
1.22673194402506	0.0355074033141136
1.22908654339925	0.0360646285116673
1.23144114277344	0.0365539528429508
1.23379561651539	0.0368840098381042
1.23615021588958	0.037081640213728
1.23850481526376	0.0373287014663219
1.24085941463795	0.0377374701201916
1.24321401401214	0.0381312109529972
1.24556848775409	0.0382237061858177
1.24792308712828	0.0378499552607536
1.25027768650247	0.037101686000824
1.25263228587666	0.0361214652657509
1.25498675961861	0.034886822104454
1.2573413589928	0.0333416946232319
1.25969595836698	0.0321016721427441
1.26205055774117	0.0311369374394417
1.26440515711536	0.0305765382945538
1.26675963085731	0.030682360753417
1.2691142302315	0.0302559453994036
1.27146882960569	0.0293652266263962
1.27382342897988	0.0280805304646492
1.27617802835407	0.0264337882399559
1.27853250209602	0.0244119446724653
1.28088710147021	0.0231262389570475
1.28324170084439	0.022870996966958
1.28559630021858	0.0216897614300251
1.28795077396053	0.0197661835700274
1.29030537333472	0.0173651222139597
1.29265997270891	0.0153616713359952
1.2950145720831	0.0141097167506814
1.29736917145729	0.0132486019283533
1.29972364519924	0.012197507545352
1.30207824457343	0.011078117415309
1.30443284394761	0.00941607914865017
1.3067874433218	0.00692646857351065
1.30914191706375	0.00368746998719871
1.31149651643794	0.000246780895395204
1.31385111581213	-0.00299115874804556
1.31620571518632	-0.00597623642534018
1.31856031456051	-0.00860669557005167
1.32091478830246	-0.0111465733498335
1.32326938767665	-0.0140597876161337
1.32562398705083	-0.0170376114547253
1.32797858642502	-0.0202794093638659
1.33033306016697	-0.023985406383872
1.33268765954116	-0.0280491840094328
1.33504225891535	-0.029262650758028
1.33739685828954	-0.0284822918474674
1.33975145766373	-0.0286074038594961
1.34210593140568	-0.0296664517372847
1.34446053077987	-0.0317504182457924
1.34681513015405	-0.0342132821679115
1.34916972952824	-0.036724928766489
1.35152420327019	-0.0391738153994083
1.35387880264438	-0.0415481813251972
1.35623340201857	-0.0436764732003212
1.35858800139276	-0.0448566377162933
1.36094260076695	-0.0455081798136234
1.3632970745089	-0.045822199434042
1.36565167388309	-0.0463679917156696
1.36800627325728	-0.0470315702259541
1.37036087263146	-0.0479331910610199
1.37271547200565	-0.0491304583847523
1.3750699457476	-0.0505661703646183
1.37742454512179	-0.0524580702185631
1.37977914449598	-0.054898664355278
1.38213374387017	-0.0572790578007698
1.38448821761212	-0.0595960319042206
1.38684281698631	-0.0621594339609146
1.3891974163605	-0.0649531707167625
1.39155201573468	-0.0671506822109222
1.39390661510887	-0.0683767721056938
1.39626108885082	-0.069123812019825
1.39861568822501	-0.0694981068372726
1.4009702875992	-0.069765493273735
1.40332488697339	-0.0699833780527115
1.40567936071534	-0.0700761303305626
1.40803396008953	-0.0703205242753029
1.41038855946372	-0.0709119886159897
1.4127431588379	-0.0718921720981598
1.41509775821209	-0.0730594098567963
1.41745223195404	-0.0743493065237999
1.41980683132823	-0.0752057060599327
1.42216143070242	-0.0758386179804802
1.42451603007661	-0.0770695507526398
1.42687050381856	-0.0788654163479805
1.42922510319275	-0.081226147711277
1.43157970256694	-0.0837374702095985
1.43393430194112	-0.0863124132156372
1.43628890131531	-0.0884837433695793
1.43864337505726	-0.0902456045150757
1.44099797443145	-0.0919096618890762
1.44335257380564	-0.0932589396834373
1.44570717317983	-0.0943210944533348
1.44806177255402	-0.0956418290734291
1.45041624629597	-0.0969144478440285
1.45277084567016	-0.0980265140533447
1.45512544504435	-0.0990605279803276
1.45748004441853	-0.0998726263642311
1.45983451816049	-0.10080149024725
1.46218911753467	-0.101597845554352
1.46454371690886	-0.102185994386673
1.46689831628305	-0.102779403328896
1.46925291565724	-0.103340499103069
1.47160738939919	-0.103648096323013
1.47396198877338	-0.103918761014938
1.47631658814757	-0.103998653590679
1.47867118752175	-0.104119852185249
1.48102566126371	-0.104098573327065
1.48338026063789	-0.103858143091202
1.48573486001208	-0.103277988731861
1.48808945938627	-0.10249025374651
1.49044405876046	-0.100785635411739
1.49279853250241	-0.0990738496184349
1.4951531318766	-0.0974735841155052
1.49750773125079	-0.0961310341954231
1.49986233062497	-0.0951083227992058
1.50221692999916	-0.0943667739629745
1.50457140374111	-0.0939040333032608
1.5069260031153	-0.0936451926827431
1.50928060248949	-0.0933373346924782
1.51163520186368	-0.0930486246943474
1.51398967560563	-0.0926765948534012
1.51634427497982	-0.0922554805874825
1.51869887435401	-0.0922221839427948
1.5210534737282	-0.0928571298718452
1.52340807310238	-0.0934837833046913
1.52576254684434	-0.0943261459469795
1.52811714621852	-0.095201276242733
1.53047174559271	-0.0961027070879936
1.5328263449669	-0.0967123284935951
1.53518081870885	-0.0971033796668053
1.53753541808304	-0.0973856076598167
1.53989001745723	-0.0975643321871758
1.54224461683142	-0.0977733135223389
1.5445992162056	-0.0981075912714005
1.54695368994756	-0.0984665602445602
1.54930828932174	-0.0987489223480225
1.55166288869593	-0.0988201498985291
1.55401748807012	-0.0987966954708099
1.55637196181207	-0.0987831428647041
1.55872656118626	-0.0986357033252716
1.56108116056045	-0.0985677540302277
1.56343575993464	-0.0987420380115509
1.56579035930882	-0.0988774001598358
1.56814483305078	-0.0988873764872551
1.57049943242496	-0.0988999754190445
1.57285403179915	-0.0988658294081688
1.57520863117334	-0.0987047478556633
1.57756310491529	-0.0983574315905571
1.57991770428948	-0.0979571640491486
1.58227230366367	-0.0975786969065666
1.58462690303786	-0.0969105139374733
1.58698150241204	-0.095935195684433
1.589335976154	-0.0947419330477715
1.59169057552818	-0.0935535207390785
1.59404517490237	-0.0923754945397377
1.59639977427656	-0.0912161245942116
1.59875437365075	-0.090076819062233
1.6011088473927	-0.0889394655823708
1.60346344676689	-0.0877167135477066
1.60581804614108	-0.0866527631878853
1.60817264551527	-0.0857906639575958
1.61052711925722	-0.0850123539566994
1.61288171863141	-0.0843577086925507
1.61523631800559	-0.0837799236178398
1.61759091737978	-0.0831867903470993
1.61994551675397	-0.0826226398348808
1.62229999049592	-0.0821187645196915
1.62465458987011	-0.081647016108036
1.6270091892443	-0.0811437591910362
1.62936378861849	-0.0806875303387642
1.63171826236044	-0.0803321227431297
1.63407286173463	-0.0800053849816322
1.63642746110881	-0.0797956213355064
1.638782060483	-0.0796349942684174
1.64113665985719	-0.0798374488949776
1.64349113359914	-0.0802569985389709
1.64584573297333	-0.0806005969643593
1.64820033234752	-0.0808551385998726
1.65055493172171	-0.0810267403721809
1.65290953109589	-0.0810938477516174
1.65526400483785	-0.0810601189732552
1.65761860421203	-0.0810489282011986
1.65997320358622	-0.0810848847031593
1.66232780296041	-0.081141285598278
1.66468227670236	-0.0812242403626442
1.66703687607655	-0.0812434852123261
1.66939147545074	-0.0810695886611938
1.67174607482493	-0.0807018727064133
1.67410067419911	-0.0802902206778526
1.67645514794107	-0.0801380276679993
1.67880974731525	-0.080006368458271
1.68116434668944	-0.0797745510935783
1.68351894606363	-0.0794006064534187
1.68587341980558	-0.0788434073328972
1.68822801917977	-0.0782013610005379
1.69058261855396	-0.0775405243039131
1.69293721792815	-0.076916441321373
1.69529181730234	-0.0763549134135246
1.69764629104429	-0.0758416056632996
1.70000089041848	-0.0753965154290199
1.70235548979266	-0.0750594064593315
1.70471008916685	-0.0748067274689674
1.7070645629088	-0.074595995247364
1.70941916228299	-0.0743959695100784
1.71177376165718	-0.0741923153400421
1.71412836103137	-0.0739909186959267
1.71648296040556	-0.0737962499260902
1.71883743414751	-0.0735457465052605
1.7211920335217	-0.0732268095016479
1.72354663289588	-0.0727664679288864
1.72590123227007	-0.0721998140215874
1.72825570601202	-0.0715701654553413
1.73061030538621	-0.0709322541952133
1.7329649047604	-0.0703094527125359
1.73531950413459	-0.0696738287806511
1.73767410350878	-0.0690443590283394
1.74002857725073	-0.0684457793831825
1.74238317662492	-0.067870132625103
1.7447377759991	-0.0672944709658623
1.74709237537329	-0.0667554512619972
1.74944697474748	-0.0662503242492676
1.75180144848943	-0.0657256916165352
1.75415604786362	-0.0652720406651497
1.75651064723781	-0.0648922473192215
1.758865246612	-0.0644785538315773
1.76121972035395	-0.0639701634645462
1.76357431972814	-0.0636320114135742
1.76592891910233	-0.0634669736027718
1.76828351847651	-0.0634450390934944
1.7706381178507	-0.0635922625660896
1.77299259159265	-0.063797265291214
1.77534719096684	-0.0639935955405235
1.77770179034103	-0.0640417486429214
1.78005638971522	-0.0640277191996574
1.78241086345717	-0.0639976635575294
1.78476546283136	-0.0639694854617119
1.78712006220555	-0.0639382377266884
1.78947466157973	-0.0638907179236412
1.79182926095392	-0.0638449490070343
1.79418373469587	-0.0638049617409706
1.79653833407006	-0.0637625530362129
1.79889293344425	-0.0637044012546539
1.80124753281844	-0.0635591819882393
1.80360200656039	-0.0633317604660988
1.80595660593458	-0.0630827471613884
1.80831120530877	-0.0627889260649681
1.81066580468295	-0.0624481961131096
1.81302040405714	-0.0620626099407673
1.81537487779909	-0.0616015382111073
1.81772947717328	-0.0610600635409355
1.82008407654747	-0.060412909835577
1.82243867592166	-0.0596976578235626
1.82479327529585	-0.0590439140796661
1.8271477490378	-0.0585274919867516
1.82950234841199	-0.0583002753555775
1.83185694778617	-0.0583503879606724
1.83421154716036	-0.0584596246480942
1.83656602090231	-0.0585214197635651
1.8389206202765	-0.0585385113954544
1.84127521965069	-0.0585230961441994
1.84362981902488	-0.0584943629801273
1.84598441839907	-0.0584471449255943
1.84833889214102	-0.0584154091775417
1.85069349151521	-0.0583838634192944
1.8530480908894	-0.0583135560154915
1.85540269026358	-0.0582037195563316
1.85775716400554	-0.0580593533813953
1.86011176337972	-0.0578834190964699
1.86246636275391	-0.0576571300625801
1.8648209621281	-0.0574085973203182
1.86717556150229	-0.0571868643164635
1.86953003524424	-0.0570067800581455
1.87188463461843	-0.0568494088947773
1.87423923399262	-0.0567033402621746
1.8765938333668	-0.0565485693514347
1.87894843274099	-0.0563883669674397
1.88130290648294	-0.0562306307256222
1.88365750585713	-0.0559755824506283
1.88601210523132	-0.0554924830794334
1.88836670460551	-0.0550426244735718
1.89072117834746	-0.0546325594186783
1.89307577772165	-0.0542489290237427
1.89543037709584	-0.0539153143763542
1.89778497647002	-0.05363554880023
1.90013957584421	-0.053378414362669
1.90249404958616	-0.0531290806829929
1.90484864896035	-0.0529064014554024
1.90720324833454	-0.0527053959667683
1.90955784770873	-0.0525244548916817
1.91191232145068	-0.0523652993142605
1.91426692082487	-0.0522488355636597
1.91662152019906	-0.0521438345313072
1.91897611957324	-0.0520386323332787
1.92133071894743	-0.0519485957920551
1.92368519268938	-0.0517408102750778
1.92603979206357	-0.0515852347016335
1.92839439143776	-0.0514740720391274
1.93074899081195	-0.0514194630086422
1.9331034645539	-0.0514423176646233
1.93545806392809	-0.0515057556331158
1.93781266330228	-0.0515939593315125
1.94016726267647	-0.0516023337841034
1.94252186205065	-0.0516162700951099
1.94487633579261	-0.0517383143305779
1.94723093516679	-0.0519324503839016
1.94958553454098	-0.052125696092844
1.95194013391517	-0.0523228198289871
1.95429460765712	-0.0525176078081131
1.95664920703131	-0.0526913814246655
1.9590038064055	-0.0527416095137596
1.96135840577969	-0.0527799502015114
1.96371300515387	-0.0528358668088913
1.96606747889583	-0.0528967268764973
1.96842207827001	-0.0529510416090488
1.9707766776442	-0.0530346818268299
1.97313127701839	-0.0531486496329308
1.97548587639258	-0.0532682426273823
1.97784035013453	-0.0533752292394638
1.98019494950872	-0.0534503348171711
1.98254954888291	-0.0535021498799324
1.98490414825709	-0.0535242408514023
1.98725862199905	-0.0534945726394653
1.98961322137323	-0.0534450560808182
1.99196782074742	-0.0533863492310047
1.99432242012161	-0.0533207468688488
1.9966770194958	-0.0532510951161385
1.99903149323775	-0.053181529045105
2.00138609261194	-0.0531131662428379
2.00374069198613	-0.0530367977917194
2.00609529136032	-0.0529567413032055
2.00844976510227	-0.0528998039662838
2.01080436447646	-0.0528425574302673
2.01315896385064	-0.0528023466467857
2.01551356322483	-0.0527659840881824
2.01786816259902	-0.0526866316795349
2.02022263634097	-0.0525392815470696
2.02257723571516	-0.0524470545351505
2.02493183508935	-0.0524216890335083
2.02728643446354	-0.0524359308183193
2.02964103383772	-0.0524611622095108
2.03199550757968	-0.0524807758629322
2.03435010695386	-0.0524988099932671
2.03670470632805	-0.0525080449879169
2.03905930570224	-0.0524982400238514
2.04141377944419	-0.05246202647686
2.04376837881838	-0.0524080544710159
2.04612297819257	-0.0523251481354237
2.04847757756676	-0.0522212497889996
2.05083217694094	-0.0521673671901226
2.0531866506829	-0.0521055683493614
2.05554125005708	-0.0519908331334591
2.05789584943127	-0.0518897287547588
2.06025044880546	-0.0517972335219383
2.06260492254741	-0.0517197102308273
2.0649595219216	-0.0516698844730854
2.06731412129579	-0.0516751110553741
2.06966872066998	-0.0517506301403046
2.07202332004416	-0.051883902400732
2.07437779378612	-0.0520190633833408
2.0767323931603	-0.0520875193178654
2.07908699253449	-0.0521447733044624
2.08144159190868	-0.0522393211722374
2.08379606565063	-0.0523524768650532
2.08615066502482	-0.0524599850177765
2.08850526439901	-0.0525428466498852
2.0908598637732	-0.0526118054986
2.09321446314739	-0.0526667237281799
2.09556893688934	-0.0527052283287048
2.09792353626353	-0.0527292229235172
2.10027813563771	-0.0527582541108131
2.1026327350119	-0.0528258644044399
2.10498720875385	-0.052960354834795
2.10734180812804	-0.0531700439751148
2.10969640750223	-0.0534443072974682
2.11205100687642	-0.0537310428917408
2.11440560625061	-0.0540157034993172
2.11676007999256	-0.0542666837573051
2.11911467936675	-0.0544836223125458
2.12146927874093	-0.0546510592103004
2.12382387811512	-0.0546454638242722
2.12617847748931	-0.0546154268085957
2.12853295123126	-0.0546387173235416
2.13088755060545	-0.0546285100281239
2.13324214997964	-0.0545799471437931
2.13559674935383	-0.05465242639184
2.13795122309578	-0.0546910017728806
2.14030582246997	-0.0546877458691597
2.14266042184415	-0.0546805448830128
2.14501502121834	-0.0546527691185474
2.14736962059253	-0.0545964762568474
2.14972409433448	-0.054505854845047
2.15207869370867	-0.0544005110859871
2.15443329308286	-0.054277703166008
2.15678789245705	-0.0541382841765881
2.159142366199	-0.0539788268506527
2.169142366199	-0.0534390385821462
2.179142366199	-0.0528992503136396
2.189142366199	-0.0523594620451331
2.199142366199	-0.0518196737766266
2.209142366199	-0.0512798855081201
2.219142366199	-0.0507400972396135
2.229142366199	-0.050200308971107
2.239142366199	-0.0496605207026005
2.249142366199	-0.049120732434094
2.259142366199	-0.0485809441655874
2.269142366199	-0.0480411558970809
2.279142366199	-0.0475013676285744
2.289142366199	-0.0469615793600678
2.299142366199	-0.0464217910915613
2.309142366199	-0.0458820028230548
2.319142366199	-0.0453422145545483
2.329142366199	-0.0448024262860417
2.339142366199	-0.0442626380175352
2.349142366199	-0.0437228497490287
2.359142366199	-0.0431830614805222
2.369142366199	-0.0426432732120156
2.379142366199	-0.0421034849435091
2.389142366199	-0.0415636966750026
2.399142366199	-0.0410239084064961
2.409142366199	-0.0404841201379895
2.419142366199	-0.039944331869483
2.429142366199	-0.0394045436009765
2.439142366199	-0.0388647553324699
2.449142366199	-0.0383249670639634
2.459142366199	-0.0377851787954569
2.469142366199	-0.0372453905269504
2.479142366199	-0.0367056022584438
2.489142366199	-0.0361658139899373
2.499142366199	-0.0356260257214308
2.509142366199	-0.0350862374529242
2.519142366199	-0.0345464491844177
2.529142366199	-0.0340066609159112
2.539142366199	-0.0334668726474047
2.549142366199	-0.0329270843788981
2.559142366199	-0.0323872961103916
2.569142366199	-0.0318475078418851
2.579142366199	-0.0313077195733786
2.589142366199	-0.030767931304872
2.599142366199	-0.0302281430363655
2.609142366199	-0.029688354767859
2.619142366199	-0.0291485664993525
2.629142366199	-0.0286087782308459
2.639142366199	-0.0280689899623394
2.649142366199	-0.0275292016938329
2.659142366199	-0.0269894134253263
2.669142366199	-0.0264496251568198
2.679142366199	-0.0259098368883133
2.689142366199	-0.0253700486198068
2.699142366199	-0.0248302603513002
2.709142366199	-0.0242904720827937
2.719142366199	-0.0237506838142872
2.729142366199	-0.0232108955457807
2.739142366199	-0.0226711072772741
2.749142366199	-0.0221313190087676
2.759142366199	-0.0215915307402611
2.769142366199	-0.0210517424717546
2.779142366199	-0.020511954203248
2.789142366199	-0.0199721659347415
2.799142366199	-0.019432377666235
2.809142366199	-0.0188925893977284
2.819142366199	-0.0183528011292219
2.829142366199	-0.0178130128607154
2.839142366199	-0.0172732245922089
2.849142366199	-0.0167334363237023
2.859142366199	-0.0161936480551958
2.869142366199	-0.0156538597866893
2.879142366199	-0.0151140715181828
2.889142366199	-0.0145742832496762
2.899142366199	-0.0140344949811697
2.909142366199	-0.0134947067126632
2.919142366199	-0.0129549184441566
2.929142366199	-0.0124151301756501
2.939142366199	-0.0118753419071436
2.949142366199	-0.0113355536386371
2.959142366199	-0.0107957653701305
2.969142366199	-0.010255977101624
2.979142366199	-0.00971618883311748
2.989142366199	-0.00917640056461095
2.999142366199	-0.00863661229610443
3.009142366199	-0.00809682402759791
3.019142366199	-0.00755703575909138
3.029142366199	-0.00701724749058485
3.039142366199	-0.00647745922207832
3.049142366199	-0.0059376709535718
3.059142366199	-0.00539788268506527
3.069142366199	-0.00485809441655874
3.079142366199	-0.00431830614805221
3.089142366199	-0.00377851787954569
3.099142366199	-0.00323872961103916
3.109142366199	-0.00269894134253263
3.119142366199	-0.00215915307402611
3.129142366199	-0.00161936480551958
3.139142366199	-0.00107957653701306
3.149142366199	-0.000539788268506527
3.159142366199	0