@
0.0	0.0
0.4099102493769365	0.0
0.5765769157902696	0.0
0.5790752491198055	0.0
0.5815736935604529	0.0
0.5840720268899877	7.286416366245802e-10
0.5865704713306351	7.286416366245802e-10
0.5890689157712815	2.1859249098737404e-09
0.5915672491008175	3.6432081831229005e-09
0.5940656935414649	5.829133092996641e-09
0.5965640268710002	1.0200982912744121e-08
0.5990624713116471	1.8944682552239084e-08
0.601560915752294	3.278887364810611e-08
0.6040592490818298	5.610540602009267e-08
0.6065576935224768	9.399477112457084e-08
0.6090560268520121	1.6467300987715512e-07
0.6115544712926595	2.7979838846383877e-07
0.6140529157333059	4.583155894368609e-07
0.6165512490628418	7.709028515488058e-07
0.6190496935034892	1.3064544544678723e-06
0.6215480268330251	2.1684375105947507e-06
0.6240464712736714	3.469791473606251e-06
0.6265449157143184	5.955916737769319e-06
0.6290432490438542	9.962717097567884e-06
0.6315416934845012	1.6262552687824005e-05
0.634040026814037	2.698087116257158e-05
0.6365384712546839	4.613977435597829e-05
0.6390369156953303	7.733875195296956e-05
0.6415352490248661	0.00012494673920674637
0.6440336934655135	0.0002173953327783999
0.6465320267950495	0.0003660192819672619
0.6490304712356958	0.0006019439715650249
0.6515289156763427	0.0009710242770477466
0.6540272490058786	0.0014646352673627022
0.6565256934465254	0.001965690789279051
0.6590240267760614	0.002397300934091985
0.6615224712167083	0.0026602975750568973
0.6640209156573547	0.002819465697369354
0.6665192489868905	0.00289483857418671
0.6690176934275379	0.0029107397206227683
0.6715160267570739	0.002887513539813723
0.6740144711977202	0.0028406895709609543
0.6765129156383666	0.0027661291295684345
0.6790112489679024	0.0026554120328833295
0.6815096934085498	0.002517286352394954
0.6840080267380858	0.0023590530773022872
0.6865064711787321	0.0021929912764657254
0.689004915619379	0.0020390139971725825
0.6915032489489149	0.001900804522895996
0.6940016933895617	0.0017829423663221502
0.6965000267190977	0.001682161026994058
0.6989984711597446	0.0015980444505372066
0.701496915600391	0.0015293182427291393
0.7039952489299268	0.0014749061998725623
0.7064936933705742	0.001435557365569925
0.7089920267001102	0.0014068292117627279
0.7114904711407565	0.0013892769633780783
0.7139889155814034	0.0013829144646070723
0.7164872489109393	0.0013875748565149234
0.7189856933515861	0.0014031233403988552
0.7214840266811221	0.0014313057416202207
0.723982471121769	0.0014714917851633396
0.7264809155624153	0.0015138200351181349
0.7289792488919512	0.0015513348784213878
0.7314776933325986	0.0015787230602588324
0.7339760266621345	0.0015962935246843976
0.7364744711027809	0.0016052434299070571
0.7389729155434277	0.001605088957880093
0.7414712488729637	0.0015978273153294923
0.7439696933136105	0.0015863155061124606
0.7464680266431464	0.0015704143596764026
0.7489664710837933	0.001551514852905634
0.7514649155244397	0.001531285575148026
0.7539632488539756	0.0015115619746862352
0.756461693294623	0.0014944818860821182
0.7589600266241588	0.0014822283196790028
0.7614584710648052	0.0014743997939351083
0.7639569155054526	0.0014723260798372747
0.7664552488349875	0.001476442176442567
0.7689536932756349	0.001485994668298715
0.7714520266051708	0.0015001980797214383
0.7739504710458172	0.0015207107990756936
0.7764489154864646	0.0015473776256928798
0.778947248816	0.0015763046986668754
0.7814456932566468	0.0016084800560569436
0.7839440265861827	0.0016396251141728249
0.7864424710268296	0.001668434875843324
0.7889409154674765	0.0016949151702015347
0.7914392487970119	0.001716667308979688
0.7939376932376593	0.0017346224961893911
0.7964360265671951	0.0017497534684155374
0.7989344710078415	0.0017622161549683641
0.8014329154484889	0.0017715318382926092
0.8039312487780248	0.0017795519967869359
0.8064296932186712	0.0017863145198164486
0.8089280265482071	0.001792019783831219
0.811426470988854	0.0017975217568293714
0.8139249154295009	0.0018030492322848053
0.8164232487590367	0.0018085898232896988
0.8189216931996837	0.0018150499600400126
0.8214200265292195	0.0018221381858810962
0.8239184709698659	0.0018299259076933396
0.8264169154105133	0.0018386484767253725
0.8289152487400492	0.0018485550884169205
0.8314136931806956	0.001859263934550392
0.8339120265102314	0.0018709622760263995
0.8364104709508784	0.0018838643334861108
0.8389089153915252	0.0018974126960775081
0.8414072487210611	0.0019115352282785662
0.843905693161708	0.0019260213526562991
0.8464040264912439	0.0019402043621131967
0.8489024709318903	0.001953971317195581
0.8514009153725377	0.0019671582735352132
0.8538992487020736	0.00197956266875711
0.85639769314272	0.001991577240703413
0.8588960264722558	0.002003377592008548
0.8613944709129022	0.0020152151040371507
0.8638929153535496	0.002027135681212329
0.8663912486830855	0.0020389389470840103
0.8688896931237319	0.0020505746253792682
0.8713880264532677	0.002061313345819841
0.8738864708939147	0.002070357245813625
0.8763849153345615	0.00207806263112093
0.8788832486640974	0.00208430344673862
0.8813816931047443	0.002088829768585332
0.8838800264342802	0.0020927243581330903
0.8863784708749266	0.002096028019313546
0.888876915315574	0.002099048238897355
0.8913752486451099	0.0021014374548238473
0.8938736930857563	0.0021025296886371474
0.8963720264152921	0.002101711424079218
0.898870470855939	0.0020962932448692776
0.9013689152965859	0.0020876347963012677
0.9038672486261218	0.0020753440691746844
0.9063656930667687	0.002059244732213464
0.9088640263963046	0.0020394606544958337
0.911362470836951	0.0020172669588858854
0.9138609152775984	0.001992238118667831
0.9163592486071342	0.0019641810438079652
0.9188576930477806	0.0019372293183108583
0.9213560263773165	0.0019120219608918308
0.9238544708179633	0.001890208616216201
0.9263529152586103	0.001876960453979093
0.9288512485881462	0.0018694641888214994
0.931349693028793	0.001869775318800338
0.933848026358329	0.0018812149924953437
0.9363464707989753	0.0019024825845851423
0.9388449152396227	0.0019355578143964416
0.9413432485691586	0.0019837115542360503
0.943841693009805	0.0020530308763363294
0.9463400263393409	0.002136392580057638
0.9488384707799873	0.0022385495947956774
0.9513369152206347	0.002365246531213596
0.9538352485501705	0.002496185619239943
0.9563336929908169	0.002623815945594378
0.9588320263203528	0.002735481005048731
0.9613304707609996	0.002819497757601365
0.9638289152016466	0.0028858092470256578
0.9663272485311825	0.0029298978951745385
0.9688256929718293	0.002947160872829448
0.9713240263013653	0.002946437331684279
0.9738224707420116	0.0029323045985003094
0.976320915182659	0.002905066516840009
0.9788192485121949	0.0028639652994012902
0.9813176929528412	0.002817809494929306
0.9838160262823772	0.0027678545529639612
0.986314470723024	0.0027274834344451397
0.988812915163671	0.002707649080454582
0.9913112484932068	0.0027074348598134144
0.9938096929338537	0.0027360748479825802
0.9963080262633897	0.0028237552106841627
0.9988064707040365	0.0029588978323121964
1.0013049151446833	0.003159621115802989
1.0038032484742192	0.003437898100529556
1.0063016929148656	0.0037008779827368264
1.0088000262444015	0.003930445274055039
1.011298470685049	0.004089909953513602
1.0137969151256954	0.004154829008770306
1.0162952484552312	0.004183458067314922
1.018793692895878	0.004171122164406868
1.021292026225414	0.004128640899708382
1.0237904706660608	0.004063090112152725
1.0262889151067078	0.003982121267566092
1.0287872484362437	0.003880948647679132
1.03128569287689	0.003758272355812108
1.033784026206426	0.003628546456110741
1.0362824706470732	0.0034898298472550633
1.0387809150877196	0.0033441831277934496
1.0412792484172555	0.003193411871701454
1.043777692857902	0.0030406251928425557
1.0462760261874378	0.0028845195513288327
1.0487744706280853	0.002726379542365654
1.0512729150687317	0.002568472698726194
1.0537712483982675	0.0024089934464348994
1.0562696928389144	0.0022472277166878762
1.0587680261684502	0.002083655684323661
1.061266470609097	0.001919624607728372
1.0637649150497441	0.0017531802700325827
1.06626324837928	0.0015841652846427816
1.0687616928199264	0.0014132310571821113
1.0712600261494623	0.0012406930894792306
1.0737584705901095	0.0010647436216336735
1.076256915030756	0.000884827428718332
1.0787552483602918	0.0007032623197793094
1.0812536928009389	0.0005169683266185931
1.0837520261304747	0.00032398248866711665
1.0862504705711216	0.00012416053488082846
1.0887489150117684	-8.429436501618781e-05
1.0912472483413043	-0.00031430539909110567
1.0937456927819507	-0.0005791476893215882
1.0962440261114865	-0.0008359297457677298
1.098742470552134	-0.0010752637495832593
1.1012409149927804	-0.0012105280543646094
1.1037392483223163	-0.0012480837015995138
1.1062376927629631	-0.0012094299914182161
1.108736026092499	-0.0010444575098284084
1.1112344705331458	-0.0005010730093156279
1.1137329149737927	0.00029866656364423226
1.1162312483033288	0.001403828665503108
1.118729692743975	0.00251995973855973
1.121228026073511	0.0032202266125708756
1.1237264705141583	0.003722302232778499
1.1262249149548047	0.003909917253226415
1.1287232482843406	0.00393020555095659
1.131221692724987	0.003909408661364052
1.1337200260545228	0.0038388637640309697
1.1362184704951703	0.0037196791228866497
1.1387169149358167	0.003592728619179186
1.1412152482653526	0.0034634318894017913
1.1437136927059994	0.003344051972298857
1.1462120260355353	0.0032429281714015513
1.1487104704761821	0.0031489749328502676
1.151208914916829	0.0030622243168770187
1.153707248246365	0.0029857424474887197
1.1562056926870112	0.0029153301629335033
1.1587040260165473	0.0028494893760064696
1.1612024704571946	0.0027895403853531817
1.163700914897841	0.0027432512394616956
1.1661992482273769	0.0027061779529902372
1.1686976926680237	0.0026782301743758646
1.1711960259975598	0.0026619195313400236
1.1736944704382066	0.002652418044398439
1.1761929148788535	0.0026449472816981274
1.1786912482083893	0.002638753827786818
1.1811896926490362	0.0026246662703843186
1.1836880259785716	0.002605175106604611
1.186186470419219	0.002579840965540811
1.1886849148598653	0.0025454323215344885
1.1911832481894014	0.002500231037606483
1.1936816926300486	0.0024480588391408895
1.196180025959584	0.0023837729734664127
1.198678470400231	0.0023077916808824745
1.2011769148408777	0.0022362842479474116
1.2036752481704138	0.00216891039901692
1.2061736926110607	0.002116491191036511
1.208672025940596	0.0020780021538650906
1.2111704703812434	0.002049341035088463
1.2136689148218898	0.0020349212170996623
1.2161672481514256	0.002035628728128825
1.2186656925920731	0.0020467332266709834
1.2211640259216079	0.0020673209961138113
1.2236624703622554	0.0021063652582123393
1.2261609148029016	0.0021514856629186794
1.2286592481324377	0.0021928440908551275
1.231157692573085	0.002223706436015998
1.2336560259026208	0.002235585480617889
1.2361544703432672	0.002233884831038007
1.238652914783914	0.002222309629998589
1.2411512481134501	0.002195741898643983
1.243649692554097	0.0021576696444887125
1.2461480258836328	0.0021111589915396925
1.2486464703242797	0.0020519357279564832
1.251144914764926	0.0019773162665913963
1.253643248094462	0.0018938000908431236
1.2561416925351094	0.0018027031275074086
1.2586400258646453	0.001701300256863276
1.2611384703052917	0.0015928965973744536
1.2636369147459385	0.0014806005342627832
1.2661352480754744	0.0013622735043247714
1.2686336925161212	0.0012389232189438694
1.271132025845657	0.0011134168829601953
1.273630470286304	0.0009855927379304186
1.2761289147269503	0.0008545960872147783
1.2786272480564864	0.0007203343933254232
1.2811256924971337	0.0005826043652457353
1.2836240258266696	0.0004385919889750701
1.286122470267316	0.00029323745480974256
1.2886209147079628	0.00015336886352656137
1.2911192480374987	2.0656990398306847e-05
1.2936176924781457	-9.600727932492792e-05
1.2961160258076816	-0.00019005669857224562
1.2986144702483284	-0.0002636793781784298
1.3011129146889748	-0.0003095459119206739
1.3036112480185107	-0.0003207218173432217
1.306109692459158	-0.0003013829396655687
1.308608025788694	-0.00024936521322693994
1.3111064702293402	-0.00012701681009639682
1.3136049146699866	9.471831226973903e-05
1.3161032479995225	0.0004439861230110019
1.31860169244017	0.0009386908044225309
1.3211000257697059	0.0014338341280993082
1.3235984702103523	0.0018119969515825551
1.326096914650999	0.002075671229269529
1.328595247980535	0.0022014668359829426
1.331093692421182	0.0022591206054808624
1.333592025750718	0.0022703664605005264
1.3360904701913647	0.0022450082742627177
1.3385889146320111	0.002187635031794898
1.341087247961547	0.002103655439965732
1.3435856924021943	0.002002688297020301
1.3460840257317304	0.0018769269364638083
1.3485824701723765	0.0017372689226136115
1.3510809146130236	0.0015895929361939979
1.3535792479425595	0.0014332453856569153
1.3560776923832063	0.0012755498480920772
1.3585760257127422	0.0011188022732964878
1.361074470153389	0.0009620670854087208
1.3635729145940354	0.0008054725253568224
1.3660712479235713	0.0006485406042271669
1.3685696923642188	0.0004903233592505055
1.3710680256937546	0.0003304244093765146
1.373566470134401	0.0001685450115341781
1.3760649145750483	5.537676438346809e-06
1.3785632479045837	-0.00016115877126371476
1.3810616923452306	-0.000327832631075041
1.3835600256747667	-0.0005001046445805538
1.3860584701154135	-0.0006772039089287045
1.3885569145560603	-0.0008555236480182013
1.3910552478855958	-0.0010396054851701255
1.393553692326243	-0.0012314451698271912
1.3960520256557791	-0.001421917194132313
1.3985504700964253	-0.0016124919569081987
1.4010489145370728	-0.0017979487408284333
1.4035472478666076	-0.001967354278135465
1.406045692307255	-0.0021254279807097114
1.408544025636791	-0.002269744929184485
1.4110424700774373	-0.0023955551087306323
1.4135409145180846	-0.002505936301621253
1.4160392478476207	-0.002604200184094807
1.4185376922882669	-0.002681988507937574
1.421036025617803	-0.0027414893839843375
1.4235344700584498	-0.0027910763619231867
1.4260329144990966	-0.002828718717512849
1.4285312478286325	-0.0028488663874071556
1.4310296922692793	-0.0028652957990297663
1.4335280255988152	-0.00287780657593061
1.4360264700394616	-0.002883036036956665
1.438524914480109	-0.002886673416006695
1.441023247809645	-0.002893537948865335
1.4435216922502914	-0.002904432598616146
1.4460200255798272	-0.0029263989580354667
1.448518470020474	-0.002958689440804122
1.451016914461121	-0.0030056299923187507
1.453515247790657	-0.0030745077575872353
1.4560136922313038	-0.003165022536255287
1.4585120255608397	-0.003276329104024422
1.461010470001486	-0.003413687524869431
1.4635089144421334	-0.003597034162610001
1.4660072477716692	-0.003789611961244968
1.4685056922123156	-0.003988013792481474
1.4710040255418515	-0.004154852325302678
1.4735024699824986	-0.004276515805294794
1.4760009144231454	-0.004345894876009276
1.4784992477526813	-0.004368579676082309
1.480997692193328	-0.0043445825924217155
1.483496025522864	-0.004291264240661711
1.4859944699635104	-0.004185759117603383
1.4884929144041579	-0.004017114282164987
1.4909912477336937	-0.003823545530904211
1.4934896921743401	-0.0035965452440718266
1.495988025503876	-0.0033847917834858104
1.4984864699445224	-0.00322718951205046
1.5009849143851697	-0.003106239372220599
1.5034832477147055	-0.0030560483503649888
1.505981692155352	-0.0030698276923551964
1.5084800254848878	-0.003126900734468726
1.5109784699255349	-0.003243701988819646
1.5134769143661817	-0.0034210285893584236
1.5159752476957176	-0.0036144428685922353
1.5184736921363644	-0.0037859235772803737
1.5209720254659003	-0.0038945348996356345
1.5234704699065467	-0.003900039058558696
1.5259689143471942	-0.003828503937241441
1.52846724767673	-0.0036266855053708013
1.5309656921173764	-0.0032198149300461825
1.5334640254469123	-0.0025378398756808604
1.5359624698875591	-0.0017490772889767494
1.538460914328206	-0.0009238862636495927
1.5409592476577418	-0.00039585497106212866
1.543457692098389	-4.255267157887548e-06
1.5459560254279248	0.00016137080597997252
1.5484544698685712	0.00020823193555620913
1.5509529143092184	0.00019842879097706204
1.5534512476387543	0.00014482699762041144
1.5559496920794007	3.2049302386932155e-05
1.5584480254089366	-0.00012278194490433474
1.5609464698495836	-0.00027318450832819745
1.5634449142902305	-0.0004058293464258826
1.5659432476197663	-0.0004875224607993206
1.5684416920604132	-0.0005346539164227449
1.570940025389949	-0.0005478343149876469
1.5734384698305954	-0.0005191797539857487
1.575936914271243	-0.0004435591390119399
1.5784352476007788	-0.0003287062723973538
1.5809336920414252	-0.00013809944938945667
1.583432025370961	0.00011927790727380714
1.5859304698116075	0.00035865927279571706
1.5884289142522547	0.0005648684991686563
1.5909272475817906	0.0006842586172545038
1.593425692022437	0.0007432844189541877
1.5959240253519729	0.0007757971374220131
1.59842246979262	0.0007754699773271686
1.6009209142332668	0.000751185080220108
1.6034192475628026	0.0007114719250991585
1.6059176920034495	0.000649124246178103
1.6084160253329853	0.000554277692980318
1.6109144697736322	0.00043328383465226014
1.6134129142142792	0.0002951924003208063
1.615911247543815	0.0001325042102618165
1.6184096919844615	-4.7037460852299766e-05
1.6209080253139974	-0.00023006568219766465
1.6234064697546446	-0.0004195394674606106
1.625904914195291	-0.0006095779499919406
1.628403247524827	-0.0007962705101278905
1.630901691965474	-0.0009800871217240832
1.6334000252950098	-0.0011610314279887019
1.6358984697356567	-0.001339125288170845
1.6383969141763035	-0.0015149669170541817
1.6408952475058394	-0.0016907772143471436
1.6433936919464858	-0.0018673015804439976
1.6458920252760216	-0.0020421471562100686
1.6483904697166691	-0.002216642255348923
1.6508889141573155	-0.0023911759724945182
1.6533872474868514	-0.002562274144323429
1.6558856919274982	-0.0027306471964313635
1.658384025257034	-0.0028963628924905285
1.660882469697681	-0.0030569278208203944
1.6633809141383278	-0.0032131478590710677
1.6658792474678639	-0.0033654645640743435
1.66837769190851	-0.003512497888570454
1.6708760252380461	-0.003653764014512681
1.6733744696786934	-0.0037916958763257137
1.6758729141193398	-0.003924884281084321
1.6783712474488757	-0.004050162552235732
1.680869691889522	-0.004170945833130805
1.683368025219058	-0.004285733850639731
1.6858664696597054	-0.00439281283963317
1.6883649141003518	-0.004496446082327011
1.6908632474298877	-0.004599813370823484
1.6933616918705345	-0.004707427911419841
1.6958600252000704	-0.004840123025790453
1.6983584696407172	-0.004951712306514598
1.700856914081364	-0.005032076378542833
1.7033552474109002	-0.005027801438060756
1.7058536918515463	-0.00497158673579517
1.7083520251810824	-0.004826001222231032
1.7108504696217297	-0.004525411773307748
1.713348914062376	-0.003921312479781587
1.715847247391912	-0.0031753073129562434
1.7183456918325588	-0.0021705505713409618
1.720844025162095	-0.001271111691883397
1.7233424696027417	-0.0005702976080031461
1.7258409140433886	-9.405160517222755e-05
1.7283392473729244	0.00013602573529162312
1.7308376918135708	0.0002574524067518361
1.7333360251431067	0.0003221149801524479
1.7358344695837542	0.00033028961067373906
1.7383329140244004	0.00029813902709931606
1.7408312473539365	0.0002547294729557701
1.7433296917945833	0.00018873348536013537
1.7458280251241192	0.00010320553005314214
1.748326469564766	9.402391679003583e-06
1.7508249140054128	-9.125653585413566e-05
1.753323247334949	-0.0001975318331223772
1.755821691775595	-0.0003098985744728002
1.7583200251051312	-0.0004196334622317352
1.7608184695457785	-0.0005241374316813424
1.7633169139864249	-0.0006125872399512
1.7658152473159607	-0.0006874609972474687
1.7683136917566071	-0.0007504921420236779
1.770812025086143	-0.000794247072302984
1.7733104695267905	-0.0008178295588723386
1.7758089139674367	-0.0008316759358931155
1.7783072472969728	-0.0008282586066173463
1.7808056917376196	-0.0008008347213397069
1.7833040250671555	-0.0007615849822996506
1.7858024695078023	-0.000707989018076093
1.7883009139484491	-0.0006300542372643645
1.7907992472779852	-0.0005285916180060283
1.793297691718632	-0.0004224445616658328
1.7957960250481675	-0.00030973827331274277
1.7982944694888148	-0.00021562327631812885
1.8007929139294612	-0.00013226230123845715
1.803291247258997	-6.368400768262493e-05
1.8057896916996445	-1.303248431266724e-05
1.8082880250291797	2.632363640633621e-05
1.8107864694698268	5.906369106478847e-05
1.8132849139104736	8.18395713423996e-05
1.8157832472400095	9.490557317035157e-05
1.8182816916806563	0.00010557652993871852
1.8207800250101918	0.00011159146664905446
1.823278469450839	0.0001133453070684098
1.8257769138914854	0.00011404043118974965
1.8282752472210215	0.00011408342104631051
1.8307736916616688	0.00011385535621404702
1.8332720249912047	0.00011562595539104474
1.835770469431851	0.00011870956679723997
1.838268913872498	0.00012395432929766372
1.8407672472020338	0.00013282044073211158
1.8432656916426808	0.00014285966520152506
1.8457640249722167	0.0001534286121407646
1.8482624694128635	0.0001622772361759335
1.85076091385351	0.0001665580057911029
1.8532592471830458	0.0001687636040251655
1.855757691623693	0.00016755260162509546
1.8582560249532292	0.00016363615282823834
1.8607544693938753	0.0001591892529199185
1.8632529138345217	0.00015403921383225599
1.8657512471640576	0.00014833394981748552
1.868249691604705	0.00014415810459799004
1.870748024934241	0.00014094843818865876
1.8732464693748874	0.0001393745722535497
1.8757449138155342	0.00013998153073685796
1.87824324714507	0.00014125956816749748
1.8807416915857171	0.00014339375952117088
1.883240024915253	0.00014626897941929148
1.8857384693558998	0.00014882141107238736
1.8882369137965462	0.00015117200899213826
1.890735247126082	0.00015315464288539373
1.8932336915667294	0.00015495365908621984
1.8957320248962655	0.00015692172014674283
1.8982304693369116	0.00015919945390283126
1.9007289137775587	0.0001622364322442825
1.9032272471070946	0.0001652420789953589
1.9057256915477414	0.0001681646605998601
1.9082240248772773	0.00017056772071744798
1.910722469317924	0.00017159291950017875
1.9132209137585705	0.00017171605993676828
1.9157192470881064	0.00017049121334560238
1.9182176915287539	0.00016767647070332163
1.9207160248582897	0.0001638161273124846
1.9232144692989361	0.00015917540872882263
1.925712913739583	0.00015385341021491671
1.9282112470691188	0.00014794631246680125
1.9307096915097657	0.0001421878576125572
1.9332080248393018	0.00013663487969984127
1.9357064692799486	0.00013233079355229988
1.938204913720595	0.00012922896610518902
1.9407032470501309	0.00012741537707163046
1.9432016914907781	0.00012727547787739853
1.9457000248203142	0.00012905773532058228
1.9481984692609604	0.00013175516665936646
1.9506969137016068	0.00013577216800207779
1.9531952470311427	0.0001414861757164877
1.9556936914717902	0.00014776488069928172
1.958192024801326	0.0001545609212440792
1.9606904692419724	0.0001610975653662383
1.9631889136826193	0.00016572516840044103
1.9656872470121551	0.00016922191961460238
1.968185691452802	0.00017151859805324303
1.970684024782338	0.00017141440229920572
1.973182469222985	0.00017100126249123957
1.9756809136636313	0.00016996877729214254
1.9781792469931672	0.0001681056406272935
1.9806776914338144	0.00016549637492654088
1.9831760247633503	0.00016274138089846334
1.9856744692039967	0.0001600097034027578
1.9881729136446442	0.0001566900121062962
1.9906712469741796	0.0001535502952940809
1.9931696914148265	0.00014992603179351022
1.9956680247443623	0.0001460533014948506
1.9981664691850092	0.00014214778232254284
2.000664913625656	0.0001372046774596817
2.0031632469551917	0.00013208596996239403
2.0056616913958387	0.00012627432426867637
2.008160024725375	0.00012137420926237607
2.010658469166021	0.00011634002419493683
2.0131569136066685	0.00011187709417061128
2.015655246936204	0.0001085748902734287
2.0181536913768507	0.00010567853976784599
2.020652024706387	0.0001039210561403075
2.0231504691470334	0.00010380884532826731
2.0256489135876805	0.0001042001258871347
2.0281472469172166	0.0001054147714953879
2.030645691357863	0.00010734931504062615
2.0331440246873993	0.00010932611980078864
2.0356424691280455	0.00011133061294314286
2.038140913568693	0.00011245927883827433
2.0406392468982286	0.00011258096199159063
2.0431376913388752	0.00011203010891430245
2.045636024668411	0.00011025586652912159
2.0481344691090575	0.00010711542107526966
2.050632913549705	0.00010347658474196649
2.0531312468792406	9.918342821897447e-05
2.0556296913198873	9.487497022161334e-05
2.058128024649423	9.071296919321373e-05
2.06062646909007	8.653712397371827e-05
2.0631249135307166	8.279044867819468e-05
2.0656232468602527	7.940882284261999e-05
2.0681216913008997	7.57597855264041e-05
2.0706200246304354	7.215665263329556e-05
2.073118469071082	6.838447488049009e-05
2.075616913511729	6.428076518302046e-05
2.078115246841265	6.006120146532753e-05
2.0806136912819113	5.572505508577464e-05
2.0831120246114474	5.161624489684863e-05
2.0856104690520945	4.772748448218324e-05
2.088108913492741	4.4176085145275045e-05
2.090607246822277	4.1316166721523565e-05
2.093105691262924	3.887958908865097e-05
2.09560402459246	3.67402972435212e-05
2.098102469033106	3.515695896713599e-05
2.1006009134737536	3.3791484540101526e-05
2.1030992468032896	3.228902548538165e-05
2.105597691243936	3.05329991411164e-05
2.108096024573472	2.8264737726304086e-05
2.1105944690141185	2.5078387849344796e-05
2.1130929134547656	2.1274878506164492e-05
2.115591246784301	1.6459285929712642e-05
2.1180896912249483	1.062869555344275e-05
2.1205880245544844	4.0592625576355354e-06
2.1230864689951305	-3.559414394911074e-06
2.125584913435778	-1.1894346076259648e-05
2.1280832467653137	-2.078960317617252e-05
2.1305816912059603	-3.01089297086009e-05
2.133080024535496	-3.979111977606832e-05
2.1355784689761426	-4.8751954623277415e-05
2.13807691341679	-5.692221329474882e-05
2.1405752467463257	-6.392081621452792e-05
2.1430736911869723	-6.964575355348724e-05
2.145572024516508	-7.393963871811588e-05
2.148070468957155	-7.707352639723822e-05
2.1505689133978017	-7.906417534849656e-05
2.1530672467273377	-7.966603334034846e-05
2.155565691167985	-7.956475215285766e-05
2.1580640244975204	-7.865103554053043e-05
2.160562468938167	-7.712015946198219e-05
2.163060913378814	-7.523006305657802e-05
2.16555924670835	-7.322629855586042e-05
2.1680576911489964	-7.130559920171804e-05
2.1705560244785325	-6.988766257684661e-05
2.173054468919179	-6.91051014591118e-05
2.175552913359826	-6.908834270146943e-05
2.1780512466893622	-6.992773786686095e-05
2.180549691130009	-7.143019692158085e-05
2.183048024459545	-7.367004131256481e-05
2.185546468900191	-7.630043762077954e-05
2.1880449133408386	-7.941173740916649e-05
2.1905432466703747	-8.270884081489272e-05
2.193041691111021	-8.605039136045304e-05
2.195540024440557	-8.950633864296342e-05
2.1980384688812036	-9.304462243041239e-05
2.2005369133218506	-9.66674286477098e-05
2.2030352466513863	-0.00010036965680339928
2.2055336910920333	-0.00010417462342985285
2.2080320244215694	-0.00010796866043175703
2.2105304688622156	-0.00011156450690849934
2.213028913302863	-0.00011492063028679216
2.2155272466323988	-0.00011796198047806315
2.326638357574621	0.0
2.4377494685168433	0.0
2.9138068900154592	0.0
