  6.4819963479473656775554e+01 0.0
  7.6258780564086649178535e+01   0.0000000000000000000000e+00
  8.0830780557137217101626e+01   0.0000000000000000000000e+00
  8.0899314837033045932913e+01   0.0000000000000000000000e+00
  8.0967852164928856950610e+01   0.0000000000000000000000e+00
  8.1036386444824685781896e+01   0.0000000000000000000000e+00
  8.1104923772720511010448e+01   0.0000000000000000000000e+00
  8.1173461100616336239000e+01   1.0000000000000000622816e-09
  8.1241995380512165070286e+01   2.0000000000000001245632e-09
  8.1310532708407990298838e+01   4.0000000000000002491264e-09
  8.1379066988303819130124e+01   8.9999999999999995265586e-09
  8.1447604316199630147821e+01   1.9000000000000001390145e-08
  8.1516141644095469587228e+01   3.8000000000000002780291e-08
  8.1584675923991298418514e+01   8.3999999999999997787028e-08
  8.1653213251887109436211e+01   1.8400000000000000649673e-07
  8.1721747531782938267497e+01   3.8700000000000001107488e-07
  8.1790284859678763496049e+01   7.8199999999999998790643e-07
  8.1858822187574588724601e+01   1.3889999999999999572622e-06
  8.1927356467470417555887e+01   2.5370000000000000196624e-06
  8.1995893795366242784439e+01   4.8709999999999996112303e-06
  8.2064428075262071615725e+01   9.0650000000000004527064e-06
  8.2132965403157882633423e+01   1.6254999999999999375604e-05
  8.2201502731053722072829e+01   2.8138999999999999434988e-05
  8.2270037010949550904115e+01   4.4546999999999998870372e-05
  8.2338574338845361921813e+01   7.1530000000000001241819e-05
  8.2407108618741190753099e+01   1.1777899999999999838558e-04
  8.2475645946637001770796e+01   1.8748399999999999592480e-04
  8.2544183274532841210203e+01   2.8937999999999999747174e-04
  8.2612717554428670041489e+01   4.3418299999999998648598e-04
  8.2681254882324495270041e+01   6.1182499999999997736949e-04
  8.2749789162220324101327e+01   8.7469900000000004938738e-04
  8.2818326490116135119024e+01   1.2324750000000000201700e-03
  8.2886863818011974558431e+01   1.6785420000000000981949e-03
  8.2955398097907803389717e+01   2.1868479999999999169313e-03
  8.3023935425803614407414e+01   2.7184340000000000413249e-03
  8.3092469705699443238700e+01   3.2523159999999998875930e-03
  8.3161007033595254256397e+01   3.6276799999999998803946e-03
  8.3229544361491093695804e+01   3.8430370000000001022566e-03
  8.3298078641386922527090e+01   3.9532329999999995737148e-03
  8.3366615969282733544787e+01   3.9843589999999998174651e-03
  8.3435150249178562376073e+01   3.9575019999999998948637e-03
  8.3503687577074387604625e+01   3.9127349999999996507660e-03
  8.3572224904970212833177e+01   3.8138680000000002058569e-03
  8.3640759184866041664463e+01   3.6644910000000001891463e-03
  8.3709296512761866893015e+01   3.4730949999999998281663e-03
  8.3777830792657695724301e+01   3.2462590000000000368952e-03
  8.3846368120553506741999e+01   2.9894779999999998403026e-03
  8.3914905448449346181405e+01   2.6895619999999999423512e-03
  8.3983439728345175012691e+01   2.3792599999999997952005e-03
  8.4051977056240986030389e+01   2.0973379999999998066218e-03
  8.4120511336136814861675e+01   1.8628250000000000276973e-03
  8.4189048664032640090227e+01   1.6874600000000000016298e-03
  8.4257585991928465318779e+01   1.5634049999999999162881e-03
  8.4326120271824294150065e+01   1.4926430000000000947180e-03
  8.4394657599720119378617e+01   1.4577959999999999182729e-03
  8.4463191879615948209903e+01   1.4433689999999999020730e-03
  8.4531729207511759227600e+01   1.4442459999999999412795e-03
  8.4600266535407598667007e+01   1.4584000000000001042583e-03
  8.4668800815303427498293e+01   1.4810949999999999809885e-03
  8.4737338143199238515990e+01   1.5245199999999999116579e-03
  8.4805872423095067347276e+01   1.5941410000000000909276e-03
  8.4874409750990878364973e+01   1.6872709999999999531256e-03
  8.4942947078886717804380e+01   1.7986930000000000799687e-03
  8.5011481358782546635666e+01   1.9222060000000000881681e-03
  8.5080018686678357653363e+01   2.0553239999999998663394e-03
  8.5148552966574186484650e+01   2.1720950000000001887945e-03
  8.5217090294470025924056e+01   2.2498060000000000280274e-03
  8.5285627622365851152608e+01   2.2980460000000002031284e-03
  8.5354161902261679983894e+01   2.3223029999999999541116e-03
  8.5422699230157491001592e+01   2.3300799999999999984057e-03
  8.5491233510053319832878e+01   2.3232719999999999239970e-03
  8.5559770837949159272284e+01   2.3110520000000000714890e-03
  8.5628308165844970289982e+01   2.2900369999999999753859e-03
  8.5696842445740799121268e+01   2.2630100000000001950196e-03
  8.5765379773636610138965e+01   2.2321929999999999376381e-03
  8.5833914053532438970251e+01   2.1989470000000001410900e-03
  8.5902451381428278409658e+01   2.1667650000000001839218e-03
  8.5970988709324089427355e+01   2.1390570000000001978091e-03
  8.6039522989219918258641e+01   2.1199339999999999677172e-03
  8.6108060317115743487193e+01   2.1080970000000001825236e-03
  8.6176594597011572318479e+01   2.1025140000000002056535e-03
  8.6245131924907397547031e+01   2.1036039999999998038882e-03
  8.6313669252803222775583e+01   2.1117729999999999487836e-03
  8.6382203532699051606869e+01   2.1294399999999998052136e-03
  8.6450740860594862624566e+01   2.1561649999999998178479e-03
  8.6519275140490691455852e+01   2.1900019999999999209539e-03
  8.6587812468386530895259e+01   2.2295330000000001223481e-03
  8.6656349796282341912956e+01   2.2734640000000002138525e-03
  8.6724884076178170744242e+01   2.3171129999999999851679e-03
  8.6793421404073995972794e+01   2.3531630000000001295968e-03
  8.6861955683969824804080e+01   2.3800000000000001709743e-03
  8.6930493011865650032632e+01   2.3994670000000001795770e-03
  8.6999030339761475261184e+01   2.4131289999999999684732e-03
  8.7067564619657304092470e+01   2.4223909999999998672593e-03
  8.7136101947553115110168e+01   2.4287350000000000084521e-03
  8.7204636227448943941454e+01   2.4339180000000001924398e-03
  8.7273173555344783380860e+01   2.4389899999999998213285e-03
  8.7341710883240594398558e+01   2.4445569999999999799556e-03
  8.7410245163136423229844e+01   2.4507790000000001517932e-03
  8.7478782491032234247541e+01   2.4580589999999998516989e-03
  8.7547316770928063078827e+01   2.4672499999999998251954e-03
  8.7615854098823902518234e+01   2.4788069999999999722118e-03
  8.7684391426719713535931e+01   2.4928160000000001289555e-03
  8.7752925706615556578072e+01   2.5092140000000000624181e-03
  8.7821463034511367595769e+01   2.5272440000000001049385e-03
  8.7889997314407196427055e+01   2.5473860000000000079756e-03
  8.7958534642303035866462e+01   2.5694009999999998031250e-03
  8.8027071970198846884159e+01   2.5915999999999998933131e-03
  8.8095606250094675715445e+01   2.6130269999999999712414e-03
  8.8164143577990486733142e+01   2.6333049999999998472267e-03
  8.8232677857886315564429e+01   2.6522130000000000531191e-03
  8.8301215185782155003835e+01   2.6691050000000001753142e-03
  8.8369752513677966021532e+01   2.6845499999999999571343e-03
  8.8438286793573794852819e+01   2.6991049999999998203204e-03
  8.8506824121469620081371e+01   2.7132729999999999868920e-03
  8.8575358401365448912657e+01   2.7273050000000001805156e-03
  8.8643895729261274141209e+01   2.7412410000000001636389e-03
  8.8712433057157099369761e+01   2.7553410000000001268960e-03
  8.8780967337052928201047e+01   2.7698839999999998011393e-03
  8.8849504664948739218744e+01   2.7851230000000000257276e-03
  8.8918038944844568050030e+01   2.8010449999999998370315e-03
  8.8986576272740407489437e+01   2.8176479999999998540816e-03
  8.9055113600636218507134e+01   2.8349320000000000768781e-03
  8.9123647880532047338420e+01   2.8530729999999998071358e-03
  8.9192185208427872566972e+01   2.8721070000000000453644e-03
  8.9260719488323701398258e+01   2.8913829999999999739724e-03
  8.9329256816219526626810e+01   2.9102049999999999099765e-03
  8.9397794144115351855362e+01   2.9283439999999998255842e-03
  8.9466328424011180686648e+01   2.9447169999999999075169e-03
  8.9534865751906991704345e+01   2.9575780000000002033234e-03
  8.9603400031802820535631e+01   2.9661869999999999035489e-03
  8.9671937359698659975038e+01   2.9699200000000000251865e-03
  8.9740474687594470992735e+01   2.9691449999999998572708e-03
  8.9809008967490299824021e+01   2.9647889999999997925895e-03
  8.9877546295386110841719e+01   2.9547789999999998257485e-03
  8.9946080575281939673005e+01   2.9409069999999999829587e-03
  9.0014617903177779112411e+01   2.9210199999999998665690e-03
  9.0083155231073590130109e+01   2.8938499999999998946176e-03
  9.0151689510969418961395e+01   2.8596210000000001245912e-03
  9.0220226838865244189947e+01   2.8199539999999999502489e-03
  9.0288761118761073021233e+01   2.7720480000000000467275e-03
  9.0357298446656912460639e+01   2.7194499999999999922951e-03
  9.0425835774552723478337e+01   2.6641059999999998526843e-03
  9.0494370054448552309623e+01   2.6112179999999997857818e-03
  9.0562907382344391749029e+01   2.5643400000000000221734e-03
  9.0631441662240192158606e+01   2.5219759999999999920683e-03
  9.0699978990136031598013e+01   2.4945509999999997997888e-03
  9.0768516318031842615710e+01   2.4792279999999999873239e-03
  9.0837050597927671446996e+01   2.4750219999999998991835e-03
  9.0905587925823510886403e+01   2.4841559999999999509834e-03
  9.0974122205719325506834e+01   2.5060019999999997956930e-03
  9.1042659533615150735386e+01   2.5409109999999998641407e-03
  9.1111196861510975963938e+01   2.6004579999999999362359e-03
  9.1179731141406804795224e+01   2.6882490000000001939551e-03
  9.1248268469302630023776e+01   2.8129320000000001926466e-03
  9.1316802749198444644207e+01   2.9737370000000001683815e-03
  9.1385340077094284083614e+01   3.1572829999999998777660e-03
  9.1453877404990095101311e+01   3.3781470000000001809026e-03
  9.1522411684885923932598e+01   3.6167159999999998545861e-03
  9.1590949012781763372004e+01   3.8452349999999997989808e-03
  9.1659483292677592203290e+01   4.0307640000000000482516e-03
  9.1728020620573403220988e+01   4.1698739999999996294622e-03
  9.1796557948469228449540e+01   4.2671430000000001511729e-03
  9.1865092228365057280826e+01   4.3165659999999999793530e-03
  9.1933629556260882509378e+01   4.3328710000000002916520e-03
  9.2002163836156711340664e+01   4.3245050000000001891309e-03
  9.2070701164052536569216e+01   4.2972239999999996620805e-03
  9.2139238491948347586913e+01   4.2565750000000002889466e-03
  9.2207772771844176418199e+01   4.2021219999999999752949e-03
  9.2276310099740015857606e+01   4.1248819999999998542339e-03
  9.2344844379635844688892e+01   4.0261790000000003894587e-03
  9.2413381707531655706589e+01   3.9092129999999999240279e-03
  9.2481919035427466724286e+01   3.7713099999999999401012e-03
  9.2550453315323295555572e+01   3.6125609999999998105114e-03
  9.2618990643219134994979e+01   3.4382060000000000746234e-03
  9.2687524923114963826265e+01   3.2378149999999997904476e-03
  9.2756062251010789054817e+01   3.0213280000000002079030e-03
  9.2824599578906600072514e+01   2.8131589999999999721081e-03
  9.2893133858802428903800e+01   2.6363919999999999889406e-03
  9.2961671186698268343207e+01   2.4936379999999998442750e-03
  9.3030205466594097174493e+01   2.3989300000000000727407e-03
  9.3098742794489908192190e+01   2.3498139999999999825986e-03
  9.3167280122385719209888e+01   2.3368410000000000917297e-03
  9.3235814402281548041174e+01   2.3541730000000002029359e-03
  9.3304351730177387480580e+01   2.4109190000000000828062e-03
  9.3372886010073216311866e+01   2.5054890000000000667424e-03
  9.3441423337969027329564e+01   2.6466169999999999799811e-03
  9.3509960665864852558116e+01   2.8710960000000000647002e-03
  9.3578494945760681389402e+01   3.1851359999999998701137e-03
  9.3647032273656506617954e+01   3.5902419999999999992990e-03
  9.3715566553552335449240e+01   4.0467130000000003930971e-03
  9.3784103881448160677792e+01   4.5193650000000000141465e-03
  9.3852641209343971695489e+01   4.9702419999999997157758e-03
  9.3921175489239800526775e+01   5.3068539999999997380797e-03
  9.3989712817135639966182e+01   5.5132169999999999440710e-03
  9.4058247097031468797468e+01   5.6116710000000003671916e-03
  9.4126784424927279815165e+01   5.6425410000000000496079e-03
  9.4195321752823105043717e+01   5.6286610000000000808562e-03
  9.4263856032718933875003e+01   5.5804560000000001315779e-03
  9.4332393360614759103555e+01   5.4959120000000003664065e-03
  9.4400927640510587934841e+01   5.3775760000000002308829e-03
  9.4469464968406413163393e+01   5.2236670000000004140950e-03
  9.4538002296302224181090e+01   5.0410619999999998000484e-03
  9.4606536576198053012376e+01   4.8405810000000000503650e-03
  9.4675073904093892451783e+01   4.6029770000000002835860e-03
  9.4743608183989721283069e+01   4.3323900000000001991873e-03
  9.4812145511885532300766e+01   4.0308660000000001363829e-03
  9.4880682839781343318464e+01   3.7088400000000001401068e-03
  9.4949217119677172149750e+01   3.3887980000000001573612e-03
  9.5017754447573011589157e+01   3.0778509999999999376119e-03
  9.5086288727468840420443e+01   2.8286639999999998312807e-03
  9.5154826055364651438140e+01   2.6490179999999999456428e-03
  9.5223363383260476666692e+01   2.5370620000000000844598e-03
  9.5291897663156305497978e+01   2.4836039999999999332292e-03
  9.5360434991052144937385e+01   2.4704839999999997877944e-03
  9.5428969270947973768671e+01   2.4992510000000000766618e-03
  9.5497506598843784786368e+01   2.5831370000000001066476e-03
  9.5566043926739624225775e+01   2.7305720000000001206064e-03
  9.5634578206635424635351e+01   2.9581370000000000060336e-03
  9.5703115534531264074758e+01   3.2912430000000001198424e-03
  9.5771649814427092906044e+01   3.6738249999999999205469e-03
  9.5840187142322903923741e+01   4.1594450000000003295209e-03
  9.5908724470218743363148e+01   4.6718480000000001464699e-03
  9.5977258750114557983579e+01   5.1473229999999996556181e-03
  9.6045796078010383212131e+01   5.5165759999999995980002e-03
  9.6114330357906212043417e+01   5.7575420000000000417262e-03
  9.6182867685802037271969e+01   5.9033200000000000950973e-03
  9.6251405013697862500521e+01   5.9509899999999997521893e-03
  9.6319939293593677120953e+01   5.9415439999999999920455e-03
  9.6388476621489516560359e+01   5.8974010000000000319975e-03
  9.6457010901385345391645e+01   5.8212189999999998726854e-03
  9.6525548229281156409343e+01   5.7144769999999999246509e-03
  9.6594085557176995848749e+01   5.5824550000000000560263e-03
  9.6662619837072824680035e+01   5.4205360000000001041709e-03
  9.6731157164968635697733e+01   5.2425240000000001422409e-03
  9.6799691444864464529019e+01   5.0639339999999999700209e-03
  9.6868228772760289757571e+01   4.8986300000000001717004e-03
  9.6936766100656114986123e+01   4.7493989999999996348690e-03
  9.7005300380551943817409e+01   4.6312610000000002316578e-03
  9.7073837708447769045961e+01   4.5471649999999997140976e-03
  9.7142371988343597877247e+01   4.4877019999999996635598e-03
  9.7210909316239408894944e+01   4.4502430000000004275962e-03
  9.7279446644135248334351e+01   4.4343209999999997489306e-03
  9.7347980924031077165637e+01   4.4294310000000001667497e-03
  9.7416518251926888183334e+01   4.4473409999999996208842e-03
  9.7485052531822717014620e+01   4.4835309999999998012421e-03
  9.7553589859718528032317e+01   4.5359820000000000347895e-03
  9.7622127187614367471724e+01   4.5988289999999995907864e-03
  9.7690661467510196303010e+01   4.6565610000000000334719e-03
  9.7759198795406021531562e+01   4.7089489999999996003299e-03
  9.7827733075301850362848e+01   4.7385379999999996045168e-03
  9.7896270403197661380545e+01   4.7430119999999995755724e-03
  9.7964807731093500819952e+01   4.7255680000000003029847e-03
  9.8033342010989329651238e+01   4.6949080000000002407812e-03
  9.8101879338885140668935e+01   4.6556890000000001814118e-03
  9.8170413618780969500222e+01   4.6089529999999998347016e-03
  9.8238950946676780517919e+01   4.5608519999999997882045e-03
  9.8307488274572619957326e+01   4.5143659999999996915165e-03
  9.8376022554468448788612e+01   4.4796619999999997066564e-03
  9.8444559882364259806309e+01   4.4593230000000002796745e-03
  9.8513094162260088637595e+01   4.4544720000000001189355e-03
  9.8581631490155913866147e+01   4.4660890000000003433045e-03
  9.8650168818051739094699e+01   4.5006890000000004253833e-03
  9.8718703097947567925985e+01   4.5594049999999998815103e-03
  9.8787240425843393154537e+01   4.6392140000000000113478e-03
  9.8855774705739221985823e+01   4.7353930000000000674620e-03
  9.8924312033635033003520e+01   4.8336280000000004034022e-03
  9.8992849361530872442927e+01   4.9161569999999999922013e-03
  9.9061383641426701274213e+01   4.9733670000000002389684e-03
  9.9129920969322512291910e+01   4.9966189999999998869185e-03
  9.9198455249218341123196e+01   4.9900550000000001849010e-03
  9.9266992577114166351748e+01   4.9564969999999998126472e-03
  9.9335529905009991580300e+01   4.9075919999999996837237e-03
  9.9404064184905820411586e+01   4.8366789999999999782876e-03
  9.9472601512801645640138e+01   4.7434540000000002465952e-03
  9.9541135792697474471424e+01   4.6224279999999996065840e-03
  9.9609673120593285489122e+01   4.4945260000000004235732e-03
  9.9678210448489124928528e+01   4.3343110000000004133902e-03
  9.9746744728384953759814e+01   4.1510779999999998859939e-03
  9.9815282056280764777512e+01   3.9463270000000003415175e-03
  9.9883816336176593608798e+01   3.7414290000000001087943e-03
  9.9952353664072404626495e+01   3.5479159999999999169917e-03
  1.0002089099196824406590e+02   3.3993159999999998828468e-03
  1.0008942527186407289719e+02   3.2998989999999998011526e-03
  1.0015796259975988391488e+02   3.2409180000000001840854e-03
  1.0022649687965572695703e+02   3.2283960000000001301645e-03
  1.0029503420755153797472e+02   3.2539180000000001748151e-03
  1.0036357153544737741413e+02   3.3277469999999998231943e-03
  1.0043210581534320624542e+02   3.4441409999999999559661e-03
  1.0050064314323901726311e+02   3.6472980000000002065441e-03
  1.0056917742313484609440e+02   3.9319549999999999986833e-03
  1.0063771475103065711210e+02   4.2791679999999998607052e-03
  1.0070625207892649655150e+02   4.6398560000000003619713e-03
  1.0077478635882232538279e+02   4.9878209999999999213482e-03
  1.0084332368671813640049e+02   5.2710489999999998733671e-03
  1.0091185796661396523177e+02   5.4376040000000003954428e-03
  1.0098039529450979046032e+02   5.5029279999999998126969e-03
  1.0104893262240561568888e+02   5.5243200000000000984834e-03
  1.0111746690230144452016e+02   5.4854040000000001478520e-03
  1.0118600423019726974871e+02   5.4165500000000000105360e-03
  1.0125453851009309858000e+02   5.3238369999999996667883e-03
  1.0132307583798890959770e+02   5.1929740000000003743996e-03
  1.0139161316588474903710e+02   5.0292829999999998438764e-03
  1.0146014744578057786839e+02   4.8412350000000001562506e-03
  1.0152868477367638888609e+02   4.6266190000000002174874e-03
  1.0159721905357221771737e+02   4.3950179999999996680038e-03
  1.0166575638146804294593e+02   4.1493729999999996033155e-03
  1.0173429370936386817448e+02   3.8991619999999998537332e-03
  1.0180282798925969700576e+02   3.6515889999999997898861e-03
  1.0187136531715552223432e+02   3.4138409999999999241971e-03
  1.0193989959705135106560e+02   3.1863360000000001161224e-03
  1.0200843692494717629415e+02   2.9710790000000001677416e-03
  1.0207697425284300152271e+02   2.7644229999999997936244e-03
  1.0214550853273883035399e+02   2.5619860000000000375964e-03
  1.0221404586063464137169e+02   2.3628429999999998878391e-03
  1.0228258014053047020298e+02   2.1656200000000000449596e-03
  1.0235111746842630964238e+02   1.9676789999999999558611e-03
  1.0241965479632212066008e+02   1.7711630000000000775828e-03
  1.0248818907621794949137e+02   1.5714080000000000495591e-03
  1.0255672640411376050906e+02   1.3694659999999999559078e-03
  1.0262526068400958934035e+02   1.1645040000000000165320e-03
  1.0269379801190542877976e+02   9.5665699999999997179406e-04
  1.0276233533980125400831e+02   7.4383800000000002954764e-04
  1.0283086961969708283959e+02   5.2571099999999999514283e-04
  1.0289940694759289385729e+02   3.0044000000000001694006e-04
  1.0296794122748872268858e+02   6.7206999999999995367393e-05
  1.0303647855538456212798e+02  -1.7506699999999999605577e-04
  1.0310501588328037314568e+02  -4.2812200000000001859704e-04
  1.0317355016317620197697e+02  -6.9403499999999996444844e-04
  1.0324208749107201299466e+02  -9.7129300000000002614231e-04
  1.0331062177096784182595e+02  -1.2578870000000000675677e-03
  1.0337915909886368126536e+02  -1.5408640000000000790797e-03
  1.0344769642675949228305e+02  -1.8030780000000000591609e-03
  1.0351623070665532111434e+02  -2.0338380000000000520644e-03
  1.0358476803455114634289e+02  -2.2250989999999999137403e-03
  1.0365330231444697517418e+02  -2.3626910000000000966480e-03
  1.0372183964234280040273e+02  -2.4559840000000000316549e-03
  1.0379037697023862563128e+02  -2.5084579999999998684013e-03
  1.0385891125013445446257e+02  -2.5300520000000000821194e-03
  1.0392744857803026548027e+02  -2.5225769999999998055573e-03
  1.0399598285792609431155e+02  -2.4949479999999998706961e-03
  1.0406452018582193375096e+02  -2.4483510000000000862708e-03
  1.0413305751371774476866e+02  -2.3786409999999999151377e-03
  1.0420159179361357359994e+02  -2.2821750000000000022093e-03
  1.0427012912150939882849e+02  -2.1677400000000000314382e-03
  1.0433866340140522765978e+02  -2.0436230000000000540938e-03
  1.0440720072930105288833e+02  -1.9121069999999999126233e-03
  1.0447573805719687811688e+02  -1.7912589999999999068603e-03
  1.0454427233709270694817e+02  -1.6813900000000000546641e-03
  1.0461280966498851796587e+02  -1.5962710000000000180181e-03
  1.0468134394488434679715e+02  -1.5380940000000000496966e-03
  1.0474988127278018623656e+02  -1.5022550000000000833267e-03
  1.0481841860067599725426e+02  -1.4865699999999999920963e-03
  1.0488695288057182608554e+02  -1.4877930000000000581445e-03
  1.0495549020846763710324e+02  -1.5010670000000000262608e-03
  1.0502402448836346593453e+02  -1.5300719999999999425266e-03
  1.0509256181625930537393e+02  -1.5746099999999999419914e-03
  1.0516109914415511639163e+02  -1.6326249999999999616696e-03
  1.0522963342405095943377e+02  -1.7018099999999999980688e-03
  1.0529817075194677045147e+02  -1.7818109999999998983855e-03
  1.0536670503184259928275e+02  -1.8689030000000001006250e-03
  1.0543524235973843872216e+02  -1.9577050000000001221678e-03
  1.0550377968763424973986e+02  -2.0425050000000000149925e-03
  1.0557231396753007857114e+02  -2.1239349999999999722700e-03
  1.0564085129542588958884e+02  -2.1951050000000001463651e-03
  1.0570938557532171842013e+02  -2.2551250000000001849632e-03
  1.0577792290321755785953e+02  -2.3069309999999999122311e-03
  1.0584646023111336887723e+02  -2.3527010000000000110310e-03
  1.0591499451100919770852e+02  -2.3954409999999998898135e-03
  1.0598353183890502293707e+02  -2.4370429999999998482707e-03
  1.0605206611880085176836e+02  -2.4793060000000001312503e-03
  1.0612060344669667699691e+02  -2.5240560000000002160991e-03
  1.0618914077459250222546e+02  -2.5726939999999999357516e-03
  1.0625767505448833105675e+02  -2.6271010000000001756437e-03
  1.0632621238238414207444e+02  -2.6882189999999999384384e-03
  1.0639474666227997090573e+02  -2.7567410000000000525056e-03
  1.0646328399017581034514e+02  -2.8378480000000000198213e-03
  1.0653182131807162136283e+02  -2.9320739999999997915658e-03
  1.0660035559796745019412e+02  -3.0416810000000000721587e-03
  1.0666889292586327542267e+02  -3.1682849999999998513722e-03
  1.0673742720575910425396e+02  -3.3103030000000001169258e-03
  1.0680596453365492948251e+02  -3.4673059999999998603837e-03
  1.0687450186155075471106e+02  -3.6389230000000000707361e-03
  1.0694303614144658354235e+02  -3.8193799999999998237565e-03
  1.0701157346934240877090e+02  -3.9996859999999996929110e-03
  1.0708010774923822339133e+02  -4.1690629999999997620796e-03
  1.0714864507713406283074e+02  -4.3250470000000002662732e-03
  1.0721718240502987384843e+02  -4.4634679999999999494564e-03
  1.0728571668492570267972e+02  -4.5799439999999998554547e-03
  1.0735425401282154211913e+02  -4.6772080000000004068594e-03
  1.0742278829271734252870e+02  -4.7582589999999999261227e-03
  1.0749132562061318196811e+02  -4.8297629999999999381166e-03
  1.0755986294850899298581e+02  -4.8956570000000003070606e-03
  1.0762839722840482181709e+02  -4.9634299999999995783861e-03
  1.0769693455630066125650e+02  -5.0320410000000001179976e-03
  1.0776546883619647587693e+02  -5.1002469999999995933782e-03
  1.0783400616409231531634e+02  -5.1626470000000002427698e-03
  1.0790254349198812633404e+02  -5.2094999999999997211675e-03
  1.0797107777188395516532e+02  -5.2389029999999996156657e-03
  1.0803961509977979460473e+02  -5.2405500000000000693223e-03
  1.0810814937967562343601e+02  -5.2082079999999997613203e-03
  1.0817668670757143445371e+02  -5.1455859999999997364539e-03
  1.0824522403546724547141e+02  -5.0359899999999997374789e-03
  1.0831375831536307430270e+02  -4.8746240000000001443836e-03
  1.0838229564325891374210e+02  -4.6506450000000001260281e-03
  1.0845082992315474257339e+02  -4.3364780000000003809535e-03
  1.0851936725105055359109e+02  -3.9002949999999998037525e-03
  1.0858790457894637881964e+02  -3.3324019999999999336326e-03
  1.0865643885884220765092e+02  -2.6259249999999998738398e-03
  1.0872497618673803287948e+02  -1.8436920000000000738338e-03
  1.0879351046663386171076e+02  -1.0259509999999999897008e-03
  1.0886204779452968693931e+02  -2.6012600000000000955921e-04
  1.0893058512242549795701e+02   3.9778099999999999179454e-04
  1.0899911940232132678830e+02   8.9323899999999999046313e-04
  1.0906765673021716622770e+02   1.2111809999999999763742e-03
  1.0913619101011299505899e+02   1.4013420000000000823631e-03
  1.0920472833800880607669e+02   1.4902279999999999086230e-03
  1.0927326566590463130524e+02   1.4869790000000000351060e-03
  1.0934179994580046013652e+02   1.4285179999999999319454e-03
  1.0941033727369628536508e+02   1.3313159999999999230647e-03
  1.0947887155359211419636e+02   1.1848360000000000922388e-03
  1.0954740888148793942491e+02   1.0012239999999999941899e-03
  1.0961594620938375044261e+02   7.7203400000000000150124e-04
  1.0968448048927957927390e+02   5.0695399999999999837708e-04
  1.0975301781717541871330e+02   2.1638000000000001199832e-04
  1.0982155209707124754459e+02  -9.4810999999999997383572e-05
  1.0989008942496705856229e+02  -4.1788200000000000821840e-04
  1.0995862675286286957999e+02  -7.3846299999999996666045e-04
  1.1002716103275869841127e+02  -1.0505329999999999789767e-03
  1.1009569836065453785068e+02  -1.3452410000000000582510e-03
  1.1016423264055036668196e+02  -1.6161759999999999841414e-03
  1.1023276996844617769966e+02  -1.8638660000000000470377e-03
  1.1030130729634200292821e+02  -2.0913830000000000440552e-03
  1.1036984157623783175950e+02  -2.3050309999999999202580e-03
  1.1043837890413367119891e+02  -2.5063149999999998450428e-03
  1.1050691318402950003019e+02  -2.6990769999999998131346e-03
  1.1057545051192531104789e+02  -2.8852119999999998462004e-03
  1.1064398783982112206559e+02  -3.0671909999999999278664e-03
  1.1071252211971695089687e+02  -3.2477869999999998094908e-03
  1.1078105944761279033628e+02  -3.4291930000000000848537e-03
  1.1084959372750861916757e+02  -3.6156389999999999189384e-03
  1.1091813105540443018526e+02  -3.8116500000000001942280e-03
  1.1098666838330025541381e+02  -4.0155440000000002312430e-03
  1.1105520266319608424510e+02  -4.2227519999999997557527e-03
  1.1112373999109190947365e+02  -4.4227690000000000059011e-03
  1.1119227427098773830494e+02  -4.5965859999999997276277e-03
  1.1126081159888356353349e+02  -4.7311169999999999613571e-03
  1.1132934892677937455119e+02  -4.8163629999999997208238e-03
  1.1139788320667520338247e+02  -4.8549589999999998371494e-03
  1.1146642053457104282188e+02  -4.8357390000000003565939e-03
  1.1153495481446687165317e+02  -4.7682159999999996005671e-03
  1.1160349214236268267086e+02  -4.6528689999999995816071e-03
  1.1167202947025850789942e+02  -4.4673999999999998433697e-03
  1.1174056375015433673070e+02  -4.2134069999999997427342e-03
  1.1180910107805016195925e+02  -3.8741290000000000275093e-03
  1.1187763535794599079054e+02  -3.4416659999999999093589e-03
  1.1194617268584181601909e+02  -2.9478709999999999115394e-03
  1.1201471001373762703679e+02  -2.3869569999999998809181e-03
  1.1208324429363345586808e+02  -1.8263419999999998960538e-03
  1.1215178162152929530748e+02  -1.3117639999999999855795e-03
  1.1222031590142512413877e+02  -8.6895299999999999970846e-04
  1.1228885322932093515647e+02  -5.2631900000000002726869e-04
  1.1235739055721677459587e+02  -2.8045099999999997504932e-04
  1.1242592483711257500545e+02  -1.3197299999999999157475e-04
  1.1249446216500841444486e+02  -5.1004000000000001592559e-05
  1.1256299644490424327614e+02  -1.5401999999999999241621e-05
  1.1263153377280005429384e+02  -1.2579999999999999833072e-05
  1.1270007110069589373325e+02  -3.8074000000000001722386e-05
  1.1276860538059170835368e+02  -7.9566000000000003584445e-05
  1.1283714270848754779308e+02  -1.4248299999999999767425e-04
  1.1290567698838337662437e+02  -2.2423899999999999214928e-04
  1.1297421431627918764207e+02  -3.2288599999999998465400e-04
  1.1304275164417502708147e+02  -4.3374800000000002199105e-04
  1.1311128592407082749105e+02  -5.5529899999999998358446e-04
  1.1317982325196666693046e+02  -6.8752199999999998123595e-04
  1.1324835753186249576174e+02  -8.3267599999999996739780e-04
  1.1331689485975830677944e+02  -9.8675400000000005988621e-04
  1.1338543218765414621885e+02  -1.1476200000000000202988e-03
  1.1345396646754997505013e+02  -1.3120709999999999404580e-03
  1.1352250379544578606783e+02  -1.4751239999999999664981e-03
  1.1359103807534161489912e+02  -1.6304189999999999221431e-03
  1.1365957540323744012767e+02  -1.7630720000000000766138e-03
  1.1372811273113326535622e+02  -1.8722750000000000676625e-03
  1.1379664701102909418751e+02  -1.9536829999999998953852e-03
  1.1386518433892491941606e+02  -2.0088639999999999621871e-03
  1.1393371861882074824734e+02  -2.0404709999999998647213e-03
  1.1400225594671655926504e+02  -2.0534580000000001928639e-03
  1.1407079022661238809633e+02  -2.0477989999999998867175e-03
  1.1413932755450822753573e+02  -2.0262679999999999060079e-03
  1.1420786488240403855343e+02  -1.9919249999999998589073e-03
  1.1427639916229986738472e+02  -1.9441059999999999157588e-03
  1.1434493649019569261327e+02  -1.8801119999999999724688e-03
  1.1441347077009152144456e+02  -1.7935539999999999382502e-03
  1.1448200809798734667311e+02  -1.6873910000000001078307e-03
  1.1455054542588317190166e+02  -1.5684239999999999033015e-03
  1.1461907970577900073295e+02  -1.4432850000000000973560e-03
  1.1468761703367481175064e+02  -1.3191509999999999607628e-03
  1.1475615131357064058193e+02  -1.2054069999999999195095e-03
  1.1482468864146648002134e+02  -1.1084380000000000014021e-03
  1.1489322596936229103903e+02  -1.0338999999999999232503e-03
  1.1496176024925811987032e+02  -9.7937400000000008649936e-04
  1.1503029757715393088802e+02  -9.4085200000000005111922e-04
  1.1509883185704975971930e+02  -9.1612799999999999442379e-04
  1.1516736918494559915871e+02  -9.0080900000000002809941e-04
  1.1523590651284141017641e+02  -8.9281300000000000504502e-04
  1.1530444079273725321855e+02  -8.8890499999999994691635e-04
  1.1537297812063306423624e+02  -8.8799799999999997745376e-04
  1.1544151240052889306753e+02  -8.8916699999999995220057e-04
  1.1551004972842473250694e+02  -8.9232400000000000345884e-04
  1.1557858705632054352463e+02  -8.9684100000000000103839e-04
  1.1564712133621637235592e+02  -9.0233100000000003148432e-04
  1.1571565866411218337362e+02  -9.0793299999999998225325e-04
  1.1578419294400801220490e+02  -9.1279900000000005391015e-04
  1.1585273027190385164431e+02  -9.1682999999999998871902e-04
  1.1592126759979966266201e+02  -9.1970300000000001355849e-04
  1.1598980187969549149329e+02  -9.2086200000000004769335e-04
  1.1605833920759131672185e+02  -9.2005099999999996347039e-04
  1.1612687348748714555313e+02  -9.1713899999999997508793e-04
  1.1619541081538297078168e+02  -9.1208999999999994939825e-04
  1.1626394814327879601024e+02  -9.0521000000000004237499e-04
  1.1633248242317462484152e+02  -8.9557799999999995570199e-04
  1.1640101975107043585922e+02  -8.8301299999999998367739e-04
  1.1646955403096626469051e+02  -8.6668800000000000699485e-04
  1.1653809135886210412991e+02  -8.4682200000000000441464e-04
  1.1660662868675791514761e+02  -8.2330200000000003986850e-04
  1.1667516296665374397890e+02  -7.9609600000000004318967e-04
  1.1674370029454956920745e+02  -7.6390599999999996005950e-04
  1.1681223457444539803873e+02  -7.2778399999999998301603e-04
  1.1688077190234122326729e+02  -6.8928200000000004570022e-04
  1.1694930923023704849584e+02  -6.5149299999999995061661e-04
  1.1701784351013287732712e+02  -6.1559799999999996987510e-04
  1.1708638083802868834482e+02  -5.8292999999999994993616e-04
  1.1715491511792451717611e+02  -5.5472799999999999193134e-04
  1.1722345244582035661551e+02  -5.3200100000000004503431e-04
  1.1729198977371616763321e+02  -5.1357499999999994735184e-04
  1.1736052405361199646450e+02  -4.9833099999999996929795e-04
  1.1742906138150780748219e+02  -4.8518200000000001777256e-04
  1.1749759566140363631348e+02  -4.7426000000000000274281e-04
  1.1756613298929947575289e+02  -4.6462000000000000694833e-04
  1.1763467031719528677058e+02  -4.5613000000000001200179e-04
  1.1770320459709111560187e+02  -4.4804799999999999010961e-04
  1.1777174192498694083042e+02  -4.4032199999999998988112e-04
  1.1784027620488276966171e+02  -4.3291199999999997781799e-04
  1.1790881353277860910111e+02  -4.2593500000000000717953e-04
  1.1797735086067442011881e+02  -4.1941500000000002217060e-04
  1.1804588514057024895010e+02  -4.1354400000000001011088e-04
  1.1811442246846605996780e+02  -4.0828600000000000048300e-04
  1.1818295674836188879908e+02  -4.0367199999999999349837e-04
  1.1825149407625772823849e+02  -3.9957799999999998831132e-04
  1.1832003140415353925619e+02  -3.9614099999999997361519e-04
  1.1838856568404936808747e+02  -3.9321100000000002707909e-04
  1.1845710301194519331602e+02  -3.9068899999999999938724e-04
  1.1852563729184102214731e+02  -3.8845299999999997539457e-04
  1.1859417461973684737586e+02  -3.8635800000000000307618e-04
  1.1866271194763267260441e+02  -3.8432899999999998574135e-04
  1.1873124622752850143570e+02  -3.8224999999999999429623e-04
  1.1879978355542432666425e+02  -3.7990799999999998182165e-04
  1.1886831783532014128468e+02  -3.7715099999999999449626e-04
  1.1893685516321598072409e+02  -3.7393300000000001277051e-04
  1.1900539249111179174179e+02  -3.7025499999999999817951e-04
  1.1907392677100762057307e+02  -3.6595600000000001782510e-04
  1.1914246409890346001248e+02  -3.6100100000000000851491e-04
  1.1921099837879927463291e+02  -3.5524500000000001822403e-04
  1.1927953570669509986146e+02  -3.4883499999999997625774e-04
  1.1934807303459092509001e+02  -3.4200199999999999610906e-04
  1.1941660731448675392130e+02  -3.3508600000000001014819e-04
  1.1948514464238257914985e+02  -3.2832599999999998677952e-04
  1.1955367892227839377028e+02  -3.2226100000000001011974e-04
  1.1962221625017423320969e+02  -3.1742299999999999985875e-04
  1.1969075357807004422739e+02  -3.1364400000000002130193e-04
  1.1975928785796587305867e+02  -3.1081600000000000026679e-04
  1.1982782518586171249808e+02  -3.0867900000000001716968e-04
  1.1989635946575754132937e+02  -3.0743200000000000691666e-04
  1.1996489679365335234706e+02  -3.0664400000000001378364e-04
  1.2003343412154916336476e+02  -3.0628099999999999032349e-04
  1.2010196840144499219605e+02  -3.0612499999999997352118e-04
  1.2017050572934083163545e+02  -3.0602800000000001832620e-04
  1.2023904000923666046674e+02  -3.0588000000000001906558e-04
  1.2030757733713248569529e+02  -3.0552200000000002012152e-04
  1.2037611466502829671299e+02  -3.0478100000000000807318e-04
  1.2044464894492412554428e+02  -3.0339800000000002487208e-04
  1.2051318627281996498368e+02  -3.0139799999999997625819e-04
  1.2058172055271579381497e+02  -2.9883600000000002348821e-04
  1.2065025788061160483267e+02  -2.9570200000000000910977e-04
  1.2071879520850741585036e+02  -2.9191599999999997454639e-04
  1.2078732948840324468165e+02  -2.8773299999999997749595e-04
  1.2085586681629908412106e+02  -2.8344299999999997621836e-04
  1.2092440109619491295234e+02  -2.7953199999999997927419e-04
  1.2099293842409072397004e+02  -2.7606899999999998888273e-04
  1.2106147575198654919859e+02  -2.7325500000000002565059e-04
  1.2113001003188237802988e+02  -2.7131099999999999140832e-04
  1.2119854735977820325843e+02  -2.7033800000000001275205e-04
  1.2126708163967403208972e+02  -2.7025600000000002268510e-04
  1.2133561896756985731827e+02  -2.7095599999999998548986e-04
  1.2140415629546566833596e+02  -2.7210400000000000905742e-04
  1.2147269057536149716725e+02  -2.7393399999999998306599e-04
  1.2154122790325733660666e+02  -2.7624499999999999532915e-04
  1.2160976218315316543794e+02  -2.7895600000000001731509e-04
  1.2167829951104897645564e+02  -2.8189000000000002683215e-04
  1.2174683683894480168419e+02  -2.8495700000000001627168e-04
  1.2181537111884063051548e+02  -2.8809300000000000793049e-04
  1.2188390844673645574403e+02  -2.9130600000000001935027e-04
  1.2195244272663228457532e+02  -2.9452699999999999410163e-04
  1.2202098005452810980387e+02  -2.9782700000000002010445e-04
  1.2208951738242392082157e+02  -3.0115099999999999031211e-04
  1.2215805166231974965285e+02  -3.0457800000000001018619e-04
  1.2222658899021558909226e+02  -3.0809799999999997648439e-04
  1.2229512327011141792354e+02  -3.1179400000000000343914e-04
  1.2236366059800722894124e+02  -3.1557900000000002225728e-04
  1.2243219792590303995894e+02  -3.1928399999999997407873e-04
  1.2250073220579886879023e+02  -3.2270099999999999913075e-04
  1.2256926953369470822963e+02  -3.2573699999999998835887e-04
  1.2263780381359053706092e+02  -3.2826600000000001784717e-04
  1.2270634114148634807862e+02  -3.3000699999999999999234e-04
  1.2277487846938217330717e+02  -3.3105100000000001235836e-04
  1.2284341274927800213845e+02  -3.3127299999999998414424e-04
  1.2291195007717384157786e+02  -3.3078399999999998255806e-04
  1.2298048435706967040915e+02  -3.2984399999999998139358e-04
  1.2304902168496548142684e+02  -3.2835900000000001848141e-04
  1.2311755901286129244454e+02  -3.2644599999999998445055e-04
  1.2318609329275712127583e+02  -3.2457800000000000843411e-04
  1.2325463062065296071523e+02  -3.2320299999999998856459e-04
  1.2332316490054878954652e+02  -3.2249099999999999944730e-04
  1.2339170222844460056422e+02  -3.2226299999999998740011e-04
  1.2346023955634042579277e+02  -3.2298599999999998708469e-04
  1.2352877383623625462405e+02  -3.2460399999999998412945e-04
  1.2359731116413207985261e+02  -3.2730699999999998857370e-04
  1.2366584544402790868389e+02  -3.3099699999999997526712e-04
  1.2373438277192373391244e+02  -3.3551799999999998161751e-04
  1.2380292009981955914100e+02  -3.4068500000000002210163e-04
  1.2387145437971537376143e+02  -3.4687599999999997688743e-04
  1.2393999170761121320083e+02  -3.5359399999999998947739e-04
  1.2400852598750704203212e+02  -3.6048900000000002425901e-04
  1.2407706331540285304982e+02  -3.6696100000000001243802e-04
  1.2414560064329869248922e+02  -3.7288499999999999163364e-04
  1.2421413492319450710966e+02  -3.7819600000000002260753e-04
  1.2428267225109033233821e+02  -3.8228300000000002599812e-04
  1.2435120653098616116949e+02  -3.8535600000000000148886e-04
  1.2441974385888198639805e+02  -3.8732600000000001142647e-04
  1.2448828118677781162660e+02  -3.8844900000000002083383e-04
  1.2455681546667362624703e+02  -3.8890700000000002220860e-04
  1.2462535279456946568644e+02  -3.8870400000000002432160e-04
  1.2469388707446529451772e+02  -3.8775000000000001956421e-04
  1.2476242440236110553542e+02  -3.8630300000000000444980e-04
  1.2483096173025694497483e+02  -3.8488399999999999652120e-04
  1.2489949601015277380611e+02  -3.8365499999999999863193e-04
  1.2496803333804858482381e+02  -3.8270500000000000264538e-04
  1.2503656761794441365510e+02  -3.8224700000000000127062e-04
  1.2510510494584022467279e+02  -3.8248500000000000813988e-04
  1.2517364227373606411220e+02  -3.8347700000000001490513e-04
  1.2524217655363189294349e+02  -3.8521600000000001976994e-04
  1.2531071388152771817204e+02  -3.8758700000000000096545e-04
  1.2537924816142354700332e+02  -3.9042800000000000984826e-04
  1.2544778548931935802102e+02  -3.9403000000000002042352e-04
  1.2551632281721519746043e+02  -3.9831499999999999718503e-04
  1.2558485709711102629171e+02  -4.0315899999999999349723e-04
  1.2565339442500683730941e+02  -4.0834699999999998516059e-04
  1.2572192870490266614070e+02  -4.1370300000000001993880e-04
  1.2579046603279847715839e+02  -4.1917599999999999955611e-04
  1.2883846602816552717741e+02   0.0000000000000000000000e+00
  1.3188646602353256298557e+02   0.0000000000000000000000e+00
  1.4507511262588582212629e+02 0.00