  6.3719728445146010642475e+01 0.0
  7.4964386406054131839483e+01   0.0000000000000000000000e+00
  7.9536386399104685551720e+01   0.0000000000000000000000e+00
  7.9604920679000514383006e+01   0.0000000000000000000000e+00
  7.9673458006896353822412e+01   0.0000000000000000000000e+00
  7.9741992286792154231989e+01   1.0000000000000000622816e-09
  7.9810529614687993671396e+01   1.0000000000000000622816e-09
  7.9879066942583804689093e+01   2.9999999999999999800496e-09
  7.9947601222479633520379e+01   5.0000000000000001046128e-09
  8.0016138550375472959786e+01   8.0000000000000004982527e-09
  8.0084672830271287580217e+01   1.3999999999999999631171e-08
  8.0153210158167112808769e+01   2.6000000000000001205731e-08
  8.0221747486062938037321e+01   4.4999999999999999287154e-08
  8.0290281765958766868607e+01   7.7000000000000001280165e-08
  8.0358819093854592097159e+01   1.2900000000000000369163e-07
  8.0427353373750406717591e+01   2.2600000000000001200769e-07
  8.0495890701646246156997e+01   3.8399999999999999744635e-07
  8.0564428029542057174694e+01   6.2900000000000003400524e-07
  8.0632962309437886005981e+01   1.0580000000000000770609e-06
  8.0701499637333725445387e+01   1.7930000000000000279189e-06
  8.0770033917229554276673e+01   2.9759999999999999669743e-06
  8.0838571245125365294371e+01   4.7620000000000003160237e-06
  8.0907108573021190522923e+01   8.1740000000000000049231e-06
  8.0975642852917019354209e+01   1.3672999999999999363271e-05
  8.1044180180812844582761e+01   2.2319000000000000947728e-05
  8.1112714460708673414047e+01   3.7029000000000000716177e-05
  8.1181251788604498642599e+01   6.3323000000000003416323e-05
  8.1249789116500309660296e+01   1.0614099999999999902021e-04
  8.1318323396396138491582e+01   1.7147899999999998907341e-04
  8.1386860724291977930989e+01   2.9835700000000001672409e-04
  8.1455395004187806762275e+01   5.0233099999999995810551e-04
  8.1523932332083617779972e+01   8.2611800000000003459111e-04
  8.1592469659979443008524e+01   1.3326499999999998936906e-03
  8.1661003939875271839810e+01   2.0100899999999999670508e-03
  8.1729541267771097068362e+01   2.6977469999999999054896e-03
  8.1798075547666925899648e+01   3.2900960000000001662301e-03
  8.1866612875562751128200e+01   3.6510370000000002058127e-03
  8.1935150203458562145897e+01   3.8694820000000000430329e-03
  8.2003684483354390977183e+01   3.9729250000000004144907e-03
  8.2072221811250230416590e+01   3.9947480000000002223204e-03
  8.2140756091146059247876e+01   3.9628720000000000958651e-03
  8.2209293419041870265573e+01   3.8986099999999998359790e-03
  8.2277830746937681283271e+01   3.7962820000000002153284e-03
  8.2346365026833510114557e+01   3.6443320000000001268603e-03
  8.2414902354729349553963e+01   3.4547660000000001735698e-03
  8.2483436634625178385249e+01   3.2376039999999998292290e-03
  8.2551973962520989402947e+01   3.0096979999999998872662e-03
  8.2620511290416814631499e+01   2.7983769999999998957796e-03
  8.2689045570312643462785e+01   2.6086960000000001917708e-03
  8.2757582898208468691337e+01   2.4469399999999998790434e-03
  8.2826117178104297522623e+01   2.3086259999999998206166e-03
  8.2894654506000122751175e+01   2.1931830000000000248372e-03
  8.2963191833895933768872e+01   2.0988619999999999499174e-03
  8.3031726113791762600158e+01   2.0241859999999998673270e-03
  8.3100263441687602039565e+01   1.9701829999999999169791e-03
  8.3168797721583430870851e+01   1.9307560000000000520470e-03
  8.3237335049479241888548e+01   1.9066669999999999104978e-03
  8.3305872377375067117100e+01   1.8979349999999998999112e-03
  8.3374406657270895948386e+01   1.9043309999999999924947e-03
  8.3442943985166721176938e+01   1.9256699999999999858846e-03
  8.3511478265062550008224e+01   1.9643479999999998754368e-03
  8.3580015592958375236776e+01   2.0195000000000000277278e-03
  8.3648552920854186254473e+01   2.0775920000000000671669e-03
  8.3717087200750015085760e+01   2.1290779999999999601290e-03
  8.3785624528645854525166e+01   2.1666659999999998177656e-03
  8.3854158808541683356452e+01   2.1907799999999998108446e-03
  8.3922696136437494374150e+01   2.2030629999999998963611e-03
  8.3991233464333319602702e+01   2.2028510000000000278175e-03
  8.4059767744229148433988e+01   2.1928849999999998864053e-03
  8.4128305072124973662540e+01   2.1770859999999999517817e-03
  8.4196839352020802493826e+01   2.1552630000000001439520e-03
  8.4265376679916627722378e+01   2.1293250000000000544953e-03
  8.4333914007812438740075e+01   2.1015619999999999613360e-03
  8.4402448287708267571361e+01   2.0744930000000001701910e-03
  8.4470985615604107010768e+01   2.0510519999999998232154e-03
  8.4539519895499935842054e+01   2.0342350000000001229716e-03
  8.4608057223395746859751e+01   2.0234910000000000916687e-03
  8.4676594551291586299158e+01   2.0206450000000001666900e-03
  8.4745128831187386708734e+01   2.0262940000000000985436e-03
  8.4813666159083226148141e+01   2.0394039999999998696856e-03
  8.4882200438979054979427e+01   2.0588970000000000708240e-03
  8.4950737766874865997124e+01   2.0870490000000001089286e-03
  8.5019275094770705436531e+01   2.1236470000000002081308e-03
  8.5087809374666520056962e+01   2.1633469999999999262841e-03
  8.5156346702562345285514e+01   2.2075049999999997972500e-03
  8.5224880982458174116800e+01   2.2502490000000001726943e-03
  8.5293418310353999345352e+01   2.2897880000000000663696e-03
  8.5361955638249824573904e+01   2.3261300000000000379186e-03
  8.5430489918145639194336e+01   2.3559829999999998620397e-03
  8.5499027246041478633742e+01   2.3806249999999999286682e-03
  8.5567561525937307465028e+01   2.4013910000000001157550e-03
  8.5636098853833118482726e+01   2.4184950000000001064937e-03
  8.5704636181728957922132e+01   2.4312800000000000730238e-03
  8.5773170461624786753418e+01   2.4422870000000000169360e-03
  8.5841707789520597771116e+01   2.4515679999999998896210e-03
  8.5910242069416426602402e+01   2.4593979999999997926308e-03
  8.5978779397312251830954e+01   2.4669489999999999647884e-03
  8.6047316725208077059506e+01   2.4745349999999999290878e-03
  8.6115851005103905890792e+01   2.4821389999999999599611e-03
  8.6184388332999731119344e+01   2.4910050000000001288458e-03
  8.6252922612895559950630e+01   2.5007330000000002091787e-03
  8.6321459940791370968327e+01   2.5114209999999997924292e-03
  8.6389997268687210407734e+01   2.5233920000000001696017e-03
  8.6458531548583039239020e+01   2.5369880000000000035143e-03
  8.6527068876478850256717e+01   2.5516850000000001509604e-03
  8.6595603156374679088003e+01   2.5677400000000002132372e-03
  8.6664140484270504316555e+01   2.5854469999999998321150e-03
  8.6732677812166329545107e+01   2.6040410000000000813325e-03
  8.6801212092062158376393e+01   2.6234230000000001610527e-03
  8.6869749419957983604945e+01   2.6433039999999999661306e-03
  8.6938283699853812436231e+01   2.6627690000000001600833e-03
  8.7006821027749623453929e+01   2.6816629999999999287019e-03
  8.7075358355645462893335e+01   2.6997610000000001745368e-03
  8.7143892635541291724621e+01   2.7167850000000002066991e-03
  8.7212429963437102742319e+01   2.7332739999999999466751e-03
  8.7280964243332931573605e+01   2.7494690000000000448810e-03
  8.7349501571228742591302e+01   2.7657150000000001871525e-03
  8.7418038899124582030709e+01   2.7820750000000001728173e-03
  8.7486573179020410861995e+01   2.7982739999999999003233e-03
  8.7555110506916221879692e+01   2.8142430000000001263927e-03
  8.7623644786812050710978e+01   2.8289809999999999436116e-03
  8.7692182114707875939530e+01   2.8413929999999997834392e-03
  8.7760719442603701168082e+01   2.8519679999999998643023e-03
  8.7829253722499529999368e+01   2.8605330000000001727800e-03
  8.7897791050395355227920e+01   2.8667449999999999703248e-03
  8.7966325330291184059206e+01   2.8720899999999998861155e-03
  8.8034862658186995076903e+01   2.8766239999999999345237e-03
  8.8103399986082834516310e+01   2.8807690000000000379865e-03
  8.8171934265978663347596e+01   2.8840480000000001670202e-03
  8.8240471593874474365293e+01   2.8855470000000000251050e-03
  8.8309005873770303196579e+01   2.8844240000000000156977e-03
  8.8377543201666128425131e+01   2.8769880000000000279392e-03
  8.8446080529561953653683e+01   2.8651050000000001689859e-03
  8.8514614809457782484969e+01   2.8482369999999999909956e-03
  8.8583152137353607713521e+01   2.8261419999999998035889e-03
  8.8651686417249436544807e+01   2.7989899999999998982114e-03
  8.8720223745145247562505e+01   2.7685309999999998566145e-03
  8.8788761073041087001911e+01   2.7341810000000000245579e-03
  8.8857295352936915833197e+01   2.6956749999999998074207e-03
  8.8925832680832726850895e+01   2.6586859999999999486231e-03
  8.8994366960728555682181e+01   2.6240909999999998368503e-03
  8.9062904288624380910733e+01   2.5941539999999999911717e-03
  8.9131441616520206139285e+01   2.5759720000000001574603e-03
  8.9199975896416034970571e+01   2.5656839999999999334113e-03
  8.9268513224311860199123e+01   2.5661109999999998261544e-03
  8.9337047504207689030409e+01   2.5818109999999998283027e-03
  8.9405584832103500048106e+01   2.6109990000000001322822e-03
  8.9474122159999339487513e+01   2.6563920000000000413987e-03
  8.9542656439895168318799e+01   2.7224789999999998713065e-03
  8.9611193767790979336496e+01   2.8176139999999999692648e-03
  8.9679728047686808167782e+01   2.9320209999999999328502e-03
  8.9748265375582619185479e+01   3.0722229999999997943072e-03
  8.9816802703478458624886e+01   3.2461040000000000900482e-03
  8.9885336983374287456172e+01   3.4258069999999998973828e-03
  8.9953874311270098473869e+01   3.6009689999999998713531e-03
  9.0022408591165927305155e+01   3.7542199999999999529554e-03
  9.0090945919061752533707e+01   3.8695259999999998684617e-03
  9.0159483246957577762259e+01   3.9605329999999995885251e-03
  9.0228017526853406593546e+01   4.0210410000000003719056e-03
  9.0296554854749231822097e+01   4.0447330000000000088667e-03
  9.0365089134645060653384e+01   4.0437399999999996610955e-03
  9.0433626462540871671081e+01   4.0243440000000000114633e-03
  9.0502163790436711110488e+01   3.9869620000000001447393e-03
  9.0570698070332539941774e+01   3.9305540000000001657487e-03
  9.0639235398228350959471e+01   3.8672089999999999243574e-03
  9.0707769678124179790757e+01   3.7986500000000002034983e-03
  9.0776307006020005019309e+01   3.7432440000000001718850e-03
  9.0844844333915830247861e+01   3.7160230000000001558680e-03
  9.0913378613811659079147e+01   3.7157290000000000804170e-03
  9.0981915941707484307699e+01   3.7550349999999998833189e-03
  9.1050450221603313138985e+01   3.8753690000000000359659e-03
  9.1118987549499138367537e+01   4.0608409999999999298592e-03
  9.1187524877394963596089e+01   4.3363170000000001227947e-03
  9.1256059157290792427375e+01   4.7182289999999999993707e-03
  9.1324596485186603445072e+01   5.0791470000000000020735e-03
  9.1393130765082432276358e+01   5.3942089999999996360880e-03
  9.1461668092978271715765e+01   5.6130609999999999185083e-03
  9.1530205420874082733462e+01   5.7021570000000002323426e-03
  9.1598739700769911564748e+01   5.7414479999999996906457e-03
  9.1667277028665736793300e+01   5.7245179999999996206528e-03
  9.1735811308561565624586e+01   5.6662159999999999610010e-03
  9.1804348636457390853138e+01   5.5762529999999997654125e-03
  9.1872885964353216081690e+01   5.4651300000000003348477e-03
  9.1941420244249044912976e+01   5.3262789999999997359037e-03
  9.2009957572144855930674e+01   5.1579160000000002367360e-03
  9.2078491852040684761960e+01   4.9798780000000000822702e-03
  9.2147029179936524201366e+01   4.7895009999999998279163e-03
  9.2215566507832335219064e+01   4.5896130000000001994409e-03
  9.2284100787728164050350e+01   4.3826919999999996643836e-03
  9.2352638115623975068047e+01   4.1730049999999995966049e-03
  9.2421172395519803899333e+01   3.9587629999999996918691e-03
  9.2489709723415643338740e+01   3.7417290000000000618763e-03
  9.2558247051311454356437e+01   3.5250149999999998325084e-03
  9.2626781331207283187723e+01   3.3061430000000001025451e-03
  9.2695318659103108416275e+01   3.0841330000000001868021e-03
  9.2763852938998937247561e+01   2.8596440000000001614711e-03
  9.2832390266894762476113e+01   2.6345249999999999744593e-03
  9.2900927594790587704665e+01   2.4060940000000001146030e-03
  9.2969461874686416535951e+01   2.1741350000000002166967e-03
  9.3037999202582227553648e+01   1.9395420000000000455148e-03
  9.3106533482478056384934e+01   1.7027480000000000219529e-03
  9.3175070810373895824341e+01   1.4612720000000000049323e-03
  9.3243608138269706842038e+01   1.2143519999999999228052e-03
  9.3312142418165535673324e+01   9.6516899999999998787520e-04
  9.3380679746061360901876e+01   7.0949599999999999819233e-04
  9.3449214025957189733163e+01   4.4463899999999998259928e-04
  9.3517751353853014961715e+01   1.7039999999999999483018e-04
  9.3586288681748840190266e+01  -1.1568700000000000554026e-04
  9.3654822961644669021553e+01  -4.3135800000000001268655e-04
  9.3723360289540480039250e+01  -7.9483199999999998210803e-04
  9.3791894569436308870536e+01  -1.1472439999999999547808e-03
  9.3860431897332148309943e+01  -1.4757100000000000859096e-03
  9.3928969225227959327640e+01  -1.6613489999999998987523e-03
  9.3997503505123788158926e+01  -1.7128910000000000229264e-03
  9.4066040833019613387478e+01  -1.6598419999999999147056e-03
  9.4134575112915442218764e+01  -1.4334309999999999846870e-03
  9.4203112440811267447316e+01  -6.8768099999999999106387e-04
  9.4271649768707092675868e+01   4.0989500000000001845094e-04
  9.4340184048602921507154e+01   1.9266380000000000484450e-03
  9.4408721376498732524851e+01   3.4584350000000001548739e-03
  9.4477255656394561356137e+01   4.4194930000000000325233e-03
  9.4545792984290400795544e+01   5.1085499999999998965716e-03
  9.4614330312186211813241e+01   5.3660360000000002431153e-03
  9.4682864592082040644527e+01   5.3938800000000002021761e-03
  9.4751401919977851662225e+01   5.3653379999999998781202e-03
  9.4819936199873680493511e+01   5.2685209999999999680442e-03
  9.4888473527769519932917e+01   5.1049499999999995922262e-03
  9.4957010855665330950615e+01   4.9307209999999998886744e-03
  9.5025545135561159781901e+01   4.7532720000000002261165e-03
  9.5094082463456985010453e+01   4.5894330000000004010641e-03
  9.5162616743352813841739e+01   4.4506490000000000981095e-03
  9.5231154071248639070291e+01   4.3217059999999998115561e-03
  9.5299691399144464298843e+01   4.2026479999999998005134e-03
  9.5368225679040293130129e+01   4.0976830000000004014526e-03
  9.5436763006936104147826e+01   4.0010480000000001044036e-03
  9.5505297286831932979112e+01   3.9106870000000003642637e-03
  9.5573834614727772418519e+01   3.8284119999999997874252e-03
  9.5642371942623583436216e+01   3.7648840000000000256819e-03
  9.5710906222519412267502e+01   3.7140039999999999165148e-03
  9.5779443550415237496054e+01   3.6756480000000001095994e-03
  9.5847977830311066327340e+01   3.6532629999999999097227e-03
  9.5916515158206891555892e+01   3.6402230000000001565452e-03
  9.5985052486102716784444e+01   3.6299700000000001583189e-03
  9.6053586765998545615730e+01   3.6214699999999998974998e-03
  9.6122124093894370844282e+01   3.6021360000000001398701e-03
  9.6190658373790185464713e+01   3.5753859999999998420250e-03
  9.6259195701686024904120e+01   3.5406169999999998095064e-03
  9.6327733029581835921817e+01   3.4933939999999999263813e-03
  9.6396267309477664753103e+01   3.4313590000000001450919e-03
  9.6464804637373504192510e+01   3.3597570000000001079477e-03
  9.6533338917269318812941e+01   3.2715299999999999241984e-03
  9.6601876245165144041493e+01   3.1672520000000001748341e-03
  9.6670413573060969270045e+01   3.0691139999999999567193e-03
  9.6738947852956798101332e+01   2.9766490000000000483438e-03
  9.6807485180852623329883e+01   2.9047080000000002029947e-03
  9.6876019460748437950315e+01   2.8518850000000001837508e-03
  9.6944556788644277389722e+01   2.8125500000000000326572e-03
  9.7013094116540088407419e+01   2.7927600000000000340927e-03
  9.7081628396435917238705e+01   2.7937309999999998186282e-03
  9.7150165724331756678112e+01   2.8089709999999999505416e-03
  9.7218700004227557087688e+01   2.8372259999999999841025e-03
  9.7287237332123396527095e+01   2.8908110000000000749942e-03
  9.7355774660019207544792e+01   2.9527350000000001685463e-03
  9.7424308939915036376078e+01   3.0094959999999999593345e-03
  9.7492846267810875815485e+01   3.0518519999999998634777e-03
  9.7561380547706704646771e+01   3.0681549999999999274458e-03
  9.7629917875602515664468e+01   3.0658209999999998240927e-03
  9.7698455203498340893020e+01   3.0499350000000001459366e-03
  9.7766989483394169724306e+01   3.0134730000000000196825e-03
  9.7835526811289994952858e+01   2.9612219999999998994167e-03
  9.7904061091185823784144e+01   2.8973900000000001216105e-03
  9.7972598419081649012696e+01   2.8161110000000000481990e-03
  9.8041135746977460030394e+01   2.7137020000000001279661e-03
  9.8109670026873288861680e+01   2.5990829999999998621563e-03
  9.8178207354769128301086e+01   2.4740600000000001479350e-03
  9.8246741634664957132372e+01   2.3348930000000002113469e-03
  9.8315278962560768150070e+01   2.1861179999999999154503e-03
  9.8383816290456593378622e+01   2.0320009999999998594189e-03
  9.8452350570352422209908e+01   1.8696069999999999095702e-03
  9.8520887898248247438460e+01   1.7003190000000000491054e-03
  9.8589422178144076269746e+01   1.5280719999999998939127e-03
  9.8657959506039901498298e+01   1.3526440000000000685176e-03
  9.8726496833935712515995e+01   1.1728619999999999930912e-03
  9.8795031113831541347281e+01   9.8859899999999994481270e-04
  9.8863568441727380786688e+01   7.9957599999999997598954e-04
  9.8932102721623209617974e+01   6.0193099999999999383249e-04
  9.9000640049519020635671e+01   4.0244400000000001135433e-04
  9.9069177377414845864223e+01   2.1048599999999999016383e-04
  9.9137711657310674695509e+01   2.8350000000000001311147e-05
  9.9206248985206499924061e+01  -1.3176200000000000325112e-04
  9.9274783265102328755347e+01  -2.6083699999999998293126e-04
  9.9343320592998153983899e+01  -3.6187799999999999351133e-04
  9.9411857920893965001596e+01  -4.2482600000000000136507e-04
  9.9480392200789793832882e+01  -4.4016399999999999579844e-04
  9.9548929528685633272289e+01  -4.1362300000000000715222e-04
  9.9617463808581462103575e+01  -3.4223300000000000118186e-04
  9.9686001136477273121272e+01  -1.7431999999999999795622e-04
  9.9754538464373084138970e+01   1.2999299999999998681509e-04
  9.9823072744268912970256e+01   6.0933400000000000409917e-04
  9.9891610072164752409662e+01   1.2882749999999999670347e-03
  9.9960144352060581240949e+01   1.9678180000000000844651e-03
  1.0002868167995639225865e+02   2.4868149999999998589484e-03
  1.0009721900785221748720e+02   2.8486860000000000132936e-03
  1.0016575328774804631848e+02   3.0213300000000000225531e-03
  1.0023429061564387154704e+02   3.1004549999999997909883e-03
  1.0030282489553970037832e+02   3.1158890000000001585523e-03
  1.0037136222343552560687e+02   3.0810870000000001485418e-03
  1.0043989955133133662457e+02   3.0023469999999998283902e-03
  1.0050843383122716545586e+02   2.8870919999999999569495e-03
  1.0057697115912300489526e+02   2.7485230000000001118754e-03
  1.0064550543901883372655e+02   2.5759260000000000837006e-03
  1.0071404276691464474425e+02   2.3842569999999998694995e-03
  1.0078258009481046997280e+02   2.1815839999999998670421e-03
  1.0085111437470629880409e+02   1.9670099999999999390576e-03
  1.0091965170260212403264e+02   1.7505859999999999390002e-03
  1.0098818598249795286392e+02   1.5354629999999999320770e-03
  1.0105672331039377809248e+02   1.3203570000000000844026e-03
  1.0112526063828958911017e+02   1.1054439999999999145325e-03
  1.0119379491818541794146e+02   8.9006800000000004403217e-04
  1.0126233224608125738087e+02   6.7292800000000004608663e-04
  1.0133086652597708621215e+02   4.5347999999999997469344e-04
  1.0139940385387289722985e+02   2.3131399999999998793807e-04
  1.0146794118176873666926e+02   7.6000000000000000796021e-06
  1.0153647546166455128969e+02  -2.2117700000000000012078e-04
  1.0160501278956037651824e+02  -4.4992300000000002213260e-04
  1.0167354706945620534952e+02  -6.8635199999999999074390e-04
  1.0174208439735203057808e+02  -9.2940600000000002552103e-04
  1.0181062172524785580663e+02  -1.1741349999999999790395e-03
  1.0187915600514367042706e+02  -1.4267719999999999794943e-03
  1.0194769333303950986647e+02  -1.6900559999999998934267e-03
  1.0201622761293533869775e+02  -1.9514630000000000691063e-03
  1.0208476494083114971545e+02  -2.2130109999999999711995e-03
  1.0215330226872698915486e+02  -2.4675349999999998673594e-03
  1.0222183654862278956443e+02  -2.7000299999999999647771e-03
  1.0229037387651862900384e+02  -2.9169729999999997882565e-03
  1.0235890815641445783513e+02  -3.1150359999999998467102e-03
  1.0242744548431026885282e+02  -3.2877000000000001708744e-03
  1.0249598281220610829223e+02  -3.4391890000000000481017e-03
  1.0256451709210193712352e+02  -3.5740479999999998084181e-03
  1.0263305441999774814121e+02  -3.6808060000000000083764e-03
  1.0270158869989357697250e+02  -3.7624659999999999007714e-03
  1.0277012602778940220105e+02  -3.8305200000000000186418e-03
  1.0283866335568522742960e+02  -3.8821810000000001733556e-03
  1.0290719763558105626089e+02  -3.9098320000000002377716e-03
  1.0297573496347688148944e+02  -3.9323800000000000767764e-03
  1.0304426924337271032073e+02  -3.9495499999999995888178e-03
  1.0311280657126852133842e+02  -3.9567270000000001606288e-03
  1.0318134389916436077783e+02  -3.9617189999999998309410e-03
  1.0324987817906018960912e+02  -3.9711399999999997395550e-03
  1.0331841550695600062681e+02  -3.9860920000000001073293e-03
  1.0338694978685182945810e+02  -4.0162389999999995732205e-03
  1.0345548711474765468665e+02  -4.0605550000000004140510e-03
  1.0352402444264347991520e+02  -4.1249770000000001574092e-03
  1.0359255872253930874649e+02  -4.2195059999999996042108e-03
  1.0366109605043513397504e+02  -4.3437299999999996399924e-03
  1.0372963033033096280633e+02  -4.4964890000000002148739e-03
  1.0379816765822677382403e+02  -4.6850019999999997430407e-03
  1.0386670498612261326343e+02  -4.9366300000000000111622e-03
  1.0393523926601844209472e+02  -5.2009270000000001540896e-03
  1.0400377659391425311242e+02  -5.4732169999999998391549e-03
  1.0407231087381008194370e+02  -5.7021889999999998688285e-03
  1.0414084820170590717225e+02  -5.8691619999999998166795e-03
  1.0420938552960173240081e+02  -5.9643789999999996878643e-03
  1.0427791980949756123209e+02  -5.9955119999999997165707e-03
  1.0434645713739338646064e+02  -5.9625779999999996283666e-03
  1.0441499141728921529193e+02  -5.8894029999999996521920e-03
  1.0448352874518502630963e+02  -5.7446060000000001913301e-03
  1.0455206607308086574903e+02  -5.5131549999999996183875e-03
  1.0462060035297669458032e+02  -5.2474979999999997459792e-03
  1.0468913768087250559802e+02  -4.9359590000000001797087e-03
  1.0475767196076833442930e+02  -4.6453450000000003766720e-03
  1.0482620928866414544700e+02  -4.4290490000000000067604e-03
  1.0489474661655998488641e+02  -4.2630549999999999694067e-03
  1.0496328089645581371769e+02  -4.1941720000000003512608e-03
  1.0503181822435162473539e+02  -4.2130830000000002791283e-03
  1.0510035250424745356668e+02  -4.2914110000000001837739e-03
  1.0516888983214327879523e+02  -4.4517109999999996891584e-03
  1.0523742716003910402378e+02  -4.6950769999999997575402e-03
  1.0530596143993493285507e+02  -4.9605220000000001950857e-03
  1.0537449876783075808362e+02  -5.1958650000000000321321e-03
  1.0544303304772658691491e+02  -5.3449250000000003701928e-03
  1.0551157037562239793260e+02  -5.3524790000000002643255e-03
  1.0558010770351823737201e+02  -5.2543030000000000984128e-03
  1.0564864198341406620330e+02  -4.9773239999999999844116e-03
  1.0571717931130987722099e+02  -4.4189279999999999185012e-03
  1.0578571359120570605228e+02  -3.4829739999999997923652e-03
  1.0585425091910153128083e+02  -2.4004629999999998156424e-03
  1.0592278824699735650938e+02  -1.2679569999999998949208e-03
  1.0599132252689318534067e+02  -5.4327800000000001177242e-04
  1.0605985985478901056922e+02  -5.8399999999999999898389e-06
  1.0612839413468483940051e+02   2.2146800000000000123099e-04
  1.0619693146258065041820e+02   2.8578099999999997992209e-04
  1.0626546879047648985761e+02   2.7232699999999999658853e-04
  1.0633400307037231868890e+02   1.9876299999999999415339e-04
  1.0640254039826812970659e+02   4.3984999999999999846598e-05
  1.0647107467816395853788e+02  -1.6850799999999999329373e-04
  1.0653961200605978376643e+02  -3.7492299999999998804529e-04
  1.0660814933395560899498e+02  -5.5696700000000000894962e-04
  1.0667668361385143782627e+02  -6.6908400000000001987127e-04
  1.0674522094174726305482e+02  -7.3376799999999998535410e-04
  1.0681375522164309188611e+02  -7.5185699999999998106165e-04
  1.0688229254953890290381e+02  -7.1253099999999997167521e-04
  1.0695082987743474234321e+02  -6.0874799999999999310790e-04
  1.0701936415733057117450e+02  -4.5112199999999998134559e-04
  1.0708790148522638219220e+02  -1.8953000000000000987814e-04
  1.0715643576512221102348e+02   1.6369900000000000596379e-04
  1.0722497309301802204118e+02   4.9222999999999996791067e-04
  1.0729351042091386148059e+02   7.7523499999999998660849e-04
  1.0736204470080969031187e+02   9.3908800000000003209422e-04
  1.0743058202870550132957e+02   1.0200960000000000669346e-03
  1.0749911630860133016085e+02   1.0647169999999999637913e-03
  1.0756765363649715538941e+02   1.0642679999999999414934e-03
  1.0763619096439298061796e+02   1.0309390000000000307129e-03
  1.0770472524428880944924e+02   9.7643600000000001400136e-04
  1.0777326257218463467780e+02   8.9086899999999997080274e-04
  1.0784179685208046350908e+02   7.6070000000000000464628e-04
  1.0791033417997628873763e+02   5.9464599999999999836026e-04
  1.0797887150787211396619e+02   4.0512700000000002615447e-04
  1.0804740578776794279747e+02   1.8185099999999999073434e-04
  1.0811594311566375381517e+02  -6.4554999999999994331201e-05
  1.0818447739555958264646e+02  -3.1574599999999999541678e-04
  1.0825301472345542208586e+02  -5.7578299999999995890249e-04
  1.0832155205135123310356e+02  -8.3659499999999998188366e-04
  1.0839008633124706193485e+02  -1.0928150000000000190148e-03
  1.0845862365914288716340e+02  -1.3450879999999999260540e-03
  1.0852715793903871599468e+02  -1.5934189999999999985680e-03
  1.0859569526693454122324e+02  -1.8378380000000000583926e-03
  1.0866423259483036645179e+02  -2.0791659999999999135223e-03
  1.0873276687472619528307e+02  -2.3204509999999998505482e-03
  1.0880130420262200630077e+02  -2.5627160000000000390774e-03
  1.0886983848251783513206e+02  -2.8026769999999999460893e-03
  1.0893837581041367457146e+02  -3.0421570000000001943175e-03
  1.0900691313830948558916e+02  -3.2816899999999998675804e-03
  1.0907544741820531442045e+02  -3.5165079999999997867333e-03
  1.0914398474610113964900e+02  -3.7475859999999997992925e-03
  1.0921251902599696848029e+02  -3.9750169999999999601026e-03
  1.0928105635389279370884e+02  -4.1953789999999999485447e-03
  1.0934959368178861893739e+02  -4.4097779999999996147775e-03
  1.0941812796168444776868e+02  -4.6188200000000000436384e-03
  1.0948666528958025878637e+02  -4.8206109999999998197429e-03
  1.0955519956947608761766e+02  -5.0144869999999997639550e-03
  1.0962373689737192705707e+02  -5.2037869999999996489803e-03
  1.0969227422526773807476e+02  -5.3865770000000000317097e-03
  1.0976080850516356690605e+02  -5.5585110000000003543930e-03
  1.0982934583305937792375e+02  -5.7242760000000003639542e-03
  1.0989788011295520675503e+02  -5.8818129999999996249116e-03
  1.0996641744085104619444e+02  -6.0287700000000001357425e-03
  1.1003495476874685721214e+02  -6.1709979999999995878279e-03
  1.1010348904864268604342e+02  -6.3128610000000003402154e-03
  1.1017202637653851127197e+02  -6.4605529999999999554716e-03
  1.1024056065643434010326e+02  -6.6426660000000001954357e-03
  1.1030909798433016533181e+02  -6.7958130000000003742566e-03
  1.1037763531222599056036e+02  -6.9061060000000003972209e-03
  1.1044616959212181939165e+02  -6.9002389999999998518310e-03
  1.1051470692001763040935e+02  -6.8230890000000000636393e-03
  1.1058324119991345924063e+02  -6.6232849999999995893596e-03
  1.1065177852780929868004e+02  -6.2107509999999995983777e-03
  1.1072031585570510969774e+02  -5.3816749999999998269051e-03
  1.1078885013560093852902e+02  -4.3578449999999999478484e-03
  1.1085738746349676375758e+02  -2.9789000000000000374645e-03
  1.1092592174339259258886e+02  -1.7444949999999999866451e-03
  1.1099445907128841781741e+02  -7.8268599999999999370509e-04
  1.1106299639918424304597e+02  -1.2907799999999999981080e-04
  1.1113153067908007187725e+02   1.8668400000000000358430e-04
  1.1120006800697588289495e+02   3.5333199999999998419317e-04
  1.1126860228687171172623e+02   4.4207600000000001408407e-04
  1.1133713961476755116564e+02   4.5329499999999998917019e-04
  1.1140567694266336218334e+02   4.0917100000000000302111e-04
  1.1147421122255919101462e+02   3.4959500000000001641506e-04
  1.1154274855045501624318e+02   2.5902100000000001251560e-04
  1.1161128283035084507446e+02   1.4164099999999999455504e-04
  1.1167982015824667030301e+02   1.2904000000000000457920e-05
  1.1174835748614249553157e+02  -1.2524199999999999113713e-04
  1.1181689176603832436285e+02  -2.7109600000000002141889e-04
  1.1188542909393413538055e+02  -4.2530999999999997843517e-04
  1.1195396337382996421184e+02  -5.7591200000000003847433e-04
  1.1202250070172580365124e+02  -7.1933499999999998310296e-04
  1.1209103802962161466894e+02  -8.4072499999999995758809e-04
  1.1215957230951744350023e+02  -9.4348299999999995189837e-04
  1.1222810963741325451792e+02  -1.0299879999999999105609e-03
  1.1229664391730908334921e+02  -1.0900379999999999878352e-03
  1.1236518124520492278862e+02  -1.1224029999999998990362e-03
  1.1243371857310073380631e+02  -1.1414059999999999744230e-03
  1.1250225285299656263760e+02  -1.1367160000000000718429e-03
  1.1257079018089238786615e+02  -1.0990789999999999847907e-03
  1.1263932446078821669744e+02  -1.0452120000000000073909e-03
  1.1270786178868404192599e+02  -9.7165599999999999539235e-04
  1.1277639911657986715454e+02  -8.6469699999999999166789e-04
  1.1284493339647569598583e+02  -7.2544799999999995659267e-04
  1.1291347072437152121438e+02  -5.7976999999999995986238e-04
  1.1298200500426733583481e+02  -4.2508999999999998392966e-04
  1.1305054233216317527422e+02  -2.9592499999999999664088e-04
  1.1311907966005898629192e+02  -1.8151899999999999459066e-04
  1.1318761393995481512320e+02  -8.7400999999999998872971e-05
  1.1325615126785065456261e+02  -1.7886000000000001208681e-05
  1.1332468554774646918304e+02   3.6127000000000001559558e-05
  1.1339322287564229441159e+02   8.1059999999999999783541e-05
  1.1346176020353811964014e+02   1.1231800000000000442323e-04
  1.1353029448343394847143e+02   1.3024999999999999468828e-04
  1.1359883181132977369998e+02   1.4489500000000000100829e-04
  1.1366736609122558832041e+02   1.5315000000000000921624e-04
  1.1373590341912142775982e+02   1.5555699999999998803420e-04
  1.1380444074701723877752e+02   1.5651099999999999279159e-04
  1.1387297502691306760880e+02   1.5657000000000000018881e-04
  1.1394151235480890704821e+02   1.5625700000000000504906e-04
  1.1401004663470473587950e+02   1.5868699999999999364179e-04
  1.1407858396260054689719e+02   1.6291900000000000326740e-04
  1.1414712129049637212574e+02   1.7011700000000001126166e-04
  1.1421565557039220095703e+02   1.8228499999999999369414e-04
  1.1428419289828802618558e+02   1.9606300000000000983980e-04
  1.1435272717818385501687e+02   2.1056800000000000733583e-04
  1.1442126450607968024542e+02   2.2271199999999999135335e-04
  1.1448980183397549126312e+02   2.2858700000000001218391e-04
  1.1455833611387132009440e+02   2.3161399999999999523015e-04
  1.1462687344176715953381e+02   2.2995200000000001012632e-04
  1.1469540772166298836510e+02   2.2457700000000000144923e-04
  1.1476394504955879938279e+02   2.1847399999999999567653e-04
  1.1483248237745461040049e+02   2.1140600000000000168419e-04
  1.1490101665735043923178e+02   2.0357599999999999025417e-04
  1.1496955398524627867118e+02   1.9784499999999998701844e-04
  1.1503808826514210750247e+02   1.9343999999999999107707e-04
  1.1510662559303791852017e+02   1.9127999999999999820519e-04
  1.1517516292093374374872e+02   1.9211299999999999514252e-04
  1.1524369720082957258001e+02   1.9386699999999999224042e-04
  1.1531223452872539780856e+02   1.9679600000000000434644e-04
  1.1538076880862122663984e+02   2.0074200000000001027287e-04
  1.1544930613651705186840e+02   2.0424500000000000705762e-04
  1.1551784346441286288609e+02   2.0747100000000000632507e-04
  1.1558637774430869171738e+02   2.1019199999999999602801e-04
  1.1565491507220453115679e+02   2.1266100000000000237385e-04
  1.1572344935210035998807e+02   2.1536200000000000243268e-04
  1.1579198667999617100577e+02   2.1848799999999999926943e-04
  1.1586052400789199623432e+02   2.2265600000000000408679e-04
  1.1592905828778782506561e+02   2.2678100000000000948525e-04
  1.1599759561568365029416e+02   2.3079200000000000886011e-04
  1.1606612989557947912544e+02   2.3409000000000000337244e-04
  1.1613466722347530435400e+02   2.3549700000000001209356e-04
  1.1620320455137111537169e+02   2.3566599999999998963848e-04
  1.1627173883126694420298e+02   2.3398500000000000353072e-04
  1.1634027615916278364239e+02   2.3012200000000000341648e-04
  1.1640881043905861247367e+02   2.2482399999999998739530e-04
  1.1647734776695442349137e+02   2.1845499999999999467259e-04
  1.1654588509485024871992e+02   2.1115099999999999819643e-04
  1.1661441937474607755121e+02   2.0304399999999998924910e-04
  1.1668295670264190277976e+02   1.9514099999999999393401e-04
  1.1675149098253773161105e+02   1.8751999999999999354725e-04
  1.1682002831043355683960e+02   1.8161300000000001097014e-04
  1.1688856563832936785730e+02   1.7735599999999998718433e-04
  1.1695709991822519668858e+02   1.7486699999999999119438e-04
  1.1702563724612103612799e+02   1.7467500000000000387468e-04
  1.1709417152601686495927e+02   1.7712100000000000044574e-04
  1.1716270885391267597697e+02   1.8082300000000001345170e-04
  1.1723124618180848699467e+02   1.8633599999999999946229e-04
  1.1729978046170431582595e+02   1.9417800000000001009980e-04
  1.1736831778960015526536e+02   2.0279499999999999891760e-04
  1.1743685206949598409665e+02   2.1212199999999999957233e-04
  1.1750538939739179511434e+02   2.2109300000000000566841e-04
  1.1757392672528762034290e+02   2.2744400000000001313243e-04
  1.1764246100518344917418e+02   2.3224300000000000564031e-04
  1.1771099833307927440273e+02   2.3539500000000000527745e-04
  1.1777953261297510323402e+02   2.3525200000000000342786e-04
  1.1784806994087092846257e+02   2.3468499999999999344052e-04
  1.1791660726876673948027e+02   2.3326799999999998989735e-04
  1.1798514154866256831156e+02   2.3071100000000000743335e-04
  1.1805367887655840775096e+02   2.2713000000000000224744e-04
  1.1812221315645423658225e+02   2.2334899999999999220014e-04
  1.1819075048435004759995e+02   2.1959999999999999810950e-04
  1.1825928781224588703935e+02   2.1504400000000000988190e-04
  1.1832782209214170165978e+02   2.1073500000000000760038e-04
  1.1839635942003752688834e+02   2.0576099999999999728625e-04
  1.1846489369993335571962e+02   2.0044600000000001175163e-04
  1.1853343102782918094817e+02   1.9508599999999999530763e-04
  1.1860196835572500617673e+02   1.8830200000000000062905e-04
  1.1867050263562082079716e+02   1.8127700000000000605561e-04
  1.1873903996351666023656e+02   1.7330099999999999975039e-04
  1.1880757424341248906785e+02   1.6657600000000001246904e-04
  1.1887611157130830008555e+02   1.5966700000000000119957e-04
  1.1894464889920413952495e+02   1.5354200000000000139733e-04
  1.1901318317909995414539e+02   1.4901000000000001158469e-04
  1.1908172050699577937394e+02   1.4503500000000000983227e-04
  1.1915025478689160820522e+02   1.4262300000000000649823e-04
  1.1921879211478743343378e+02   1.4246899999999999408135e-04
  1.1928732944268325866233e+02   1.4300599999999999249745e-04
  1.1935586372257908749361e+02   1.4467300000000000211736e-04
  1.1942440105047491272217e+02   1.4732800000000000973169e-04
  1.1949293533037074155345e+02   1.5004100000000000899800e-04
  1.1956147265826655257115e+02   1.5279200000000001027217e-04
  1.1963000998616239201056e+02   1.5434100000000000509764e-04
  1.1969854426605822084184e+02   1.5450800000000000536220e-04
  1.1976708159395403185954e+02   1.5375200000000000108077e-04
  1.1983561587384986069083e+02   1.5131699999999998797195e-04
  1.1990415320174567170852e+02   1.4700699999999999705025e-04
  1.1997269052964151114793e+02   1.4201299999999999709201e-04
  1.2004122480953733997922e+02   1.3612100000000000674799e-04
  1.2010976213743315099691e+02   1.3020800000000001101462e-04
  1.2017829641732897982820e+02   1.2449600000000000878282e-04
  1.2024683374522480505675e+02   1.1876500000000000554709e-04
  1.2031537107312063028530e+02   1.1362300000000000632823e-04
  1.2038390535301645911659e+02   1.0898199999999999435050e-04
  1.2045244268091228434514e+02   1.0397400000000000435188e-04
  1.2052097696080811317643e+02   9.9029000000000003416274e-05
  1.2058951428870392419412e+02   9.3851999999999995215154e-05
  1.2065805161659976363353e+02   8.8220000000000005769933e-05
  1.2072658589649559246482e+02   8.2429000000000006496796e-05
  1.2079512322439140348251e+02   7.6477999999999995203032e-05
  1.2086365750428723231380e+02   7.0839000000000003961359e-05
  1.2093219483218305754235e+02   6.5501999999999997292138e-05
  1.2100073216007888277090e+02   6.0628000000000002961235e-05
  1.2106926643997471160219e+02   5.6703000000000002424165e-05
  1.2113780376787053683074e+02   5.3359000000000001914802e-05
  1.2120633804776636566203e+02   5.0423000000000001564852e-05
  1.2127487537566217667973e+02   4.8250000000000000516514e-05
  1.2134341270355801611913e+02   4.6375999999999997791284e-05
  1.2141194698345384495042e+02   4.4314000000000002964674e-05
  1.2148048431134965596812e+02   4.1903999999999997239791e-05
  1.2154901859124548479940e+02   3.8791000000000001803231e-05
  1.2161755591914131002795e+02   3.4418000000000001489722e-05
  1.2168609324703713525651e+02   2.9198000000000000645969e-05
  1.2175462752693296408779e+02   2.2589000000000000056713e-05
  1.2182316485482878931634e+02   1.4586999999999999421438e-05
  1.2189169913472461814763e+02   5.5709999999999996854331e-06
  1.2196023646262042916533e+02  -4.8849999999999998160022e-06
  1.2202877379051626860473e+02  -1.6324000000000001594884e-05
  1.2209730807041209743602e+02  -2.8532000000000000585051e-05
  1.2216584539830790845372e+02  -4.1322000000000001795637e-05
  1.2223437967820373728500e+02  -5.4610000000000000609877e-05
  1.2230291700609954830270e+02  -6.6908000000000003820548e-05
  1.2237145433399538774211e+02  -7.8121000000000006407985e-05
  1.2243998861389121657339e+02  -8.7726000000000006772728e-05
  1.2250852594178702759109e+02  -9.5582999999999996090794e-05
  1.2257706022168285642238e+02  -1.0147600000000000218005e-04
  1.2264559754957868165093e+02  -1.0577700000000000047241e-04
  1.2271413487747450687948e+02  -1.0850900000000000074265e-04
  1.2278266915737033571077e+02  -1.0933499999999999588354e-04
  1.2285120648526616093932e+02  -1.0919600000000000280479e-04
  1.2291974076516198977060e+02  -1.0794200000000000430785e-04
  1.2298827809305780078830e+02  -1.0584100000000000528066e-04
  1.2305681542095364022771e+02  -1.0324699999999999589645e-04
  1.2312534970084946905899e+02  -1.0049699999999999681499e-04
  1.2319388702874528007669e+02  -9.7861000000000003757120e-05
  1.2326242130864110890798e+02  -9.5915000000000005787003e-05
  1.2333095863653693413653e+02  -9.4840999999999995402275e-05
  1.2339949596443275936508e+02  -9.4817999999999999180024e-05
  1.2346803024432858819637e+02  -9.5970000000000004413379e-05
  1.2353656757222441342492e+02  -9.8031999999999999239990e-05
  1.2360510185212024225621e+02  -1.0110600000000000402850e-04
  1.2367363918001605327390e+02  -1.0471600000000000504040e-04
  1.2374217650791189271331e+02  -1.0898600000000000312134e-04
  1.2381071078780772154460e+02  -1.1351100000000000469005e-04
  1.2387924811570353256229e+02  -1.1809700000000000448888e-04
  1.2394778239559936139358e+02  -1.2284000000000000973020e-04
  1.2401631972349518662213e+02  -1.2769600000000000524988e-04
  1.2408485705139101185068e+02  -1.3266800000000001117859e-04
  1.2415339133128684068197e+02  -1.3774899999999999861480e-04
  1.2422192865918266591052e+02  -1.4297100000000001062024e-04
  1.2429046293907849474181e+02  -1.4817800000000000328754e-04
  1.2435900026697430575950e+02  -1.5311299999999999584856e-04
  1.2442753759487014519891e+02  -1.5771900000000001239656e-04
  1.2449607187476597403020e+02  -1.6189300000000000326512e-04
  1.2754407187013300983836e+02   0.0000000000000000000000e+00
  1.3059207186550005985737e+02   0.0000000000000000000000e+00
  1.4365127905205008573830e+02 0.00