  6.4932852407702057462302e+01 0.0
  7.6391591067884775156926e+01   0.0000000000000000000000e+00
  8.0963591060935343080018e+01   0.0000000000000000000000e+00
  8.1032128388831154097716e+01   0.0000000000000000000000e+00
  8.1100665716726993537122e+01   0.0000000000000000000000e+00
  8.1169199996622822368408e+01   0.0000000000000000000000e+00
  8.1237737324518633386106e+01   1.0000000000000000622816e-09
  8.1306271604414462217392e+01   2.0000000000000001245632e-09
  8.1374808932310273235089e+01   4.0000000000000002491264e-09
  8.1443346260206112674496e+01   8.9999999999999995265586e-09
  8.1511880540101941505782e+01   2.0999999999999999446757e-08
  8.1580417867997752523479e+01   4.6000000000000001624182e-08
  8.1648952147893581354765e+01   9.3999999999999994687531e-08
  8.1717489475789406583317e+01   1.8500000000000000221631e-07
  8.1786026803685246022724e+01   3.5499999999999998922954e-07
  8.1854561083581074854010e+01   7.0999999999999997845907e-07
  8.1923098411476885871707e+01   1.3669999999999999984918e-06
  8.1991632691372714702993e+01   2.5359999999999999445335e-06
  8.2060170019268525720690e+01   4.5179999999999997722586e-06
  8.2128707347164365160097e+01   7.7549999999999994426073e-06
  8.2197241627060193991383e+01   1.3172000000000000263681e-05
  8.2265778954956005009080e+01   2.2461999999999999409186e-05
  8.2334313234851833840366e+01   3.7519999999999999911512e-05
  8.2402850562747659068918e+01   6.0346999999999996673085e-05
  8.2471387890643484297470e+01   9.4537999999999995084585e-05
  8.2539922170539313128756e+01   1.4474200000000000433664e-04
  8.2608459498435138357308e+01   2.1602300000000000169444e-04
  8.2676993778330967188595e+01   3.2679200000000001129219e-04
  8.2745531106226778206292e+01   4.7447599999999998847747e-04
  8.2814068434122617645698e+01   6.7762799999999999769895e-04
  8.2882602714018446476985e+01   9.4323900000000001318801e-04
  8.2951140041914257494682e+01   1.2701229999999999551591e-03
  8.3019674321810086325968e+01   1.7203389999999999827873e-03
  8.3088211649705925765375e+01   2.2367149999999997971034e-03
  8.3156748977601736783072e+01   2.7659410000000000592890e-03
  8.3225283257497565614358e+01   3.2322390000000000322145e-03
  8.3293820585393390842910e+01   3.5817420000000001721607e-03
  8.3362354865289219674196e+01   3.7994100000000000268152e-03
  8.3430892193185044902748e+01   3.8893550000000001558298e-03
  8.3499429521080870131300e+01   3.9064979999999995680104e-03
  8.3567963800976698962586e+01   3.8936589999999998354396e-03
  8.3636501128872509980283e+01   3.8519880000000002000238e-03
  8.3705035408768338811569e+01   3.7737949999999999273204e-03
  8.3773572736664178250976e+01   3.6548309999999998784470e-03
  8.3842110064559989268673e+01   3.4843119999999998259721e-03
  8.3910644344455818099959e+01   3.2845579999999999221139e-03
  8.3979181672351629117657e+01   3.0362599999999998270916e-03
  8.4047715952247457948943e+01   2.7491529999999998398752e-03
  8.4116253280143297388349e+01   2.4443009999999998523024e-03
  8.4184790608039108406047e+01   2.1378439999999998555325e-03
  8.4253324887934937237333e+01   1.8813160000000000646181e-03
  8.4321862215830762465885e+01   1.6935819999999998999862e-03
  8.4390396495726591297171e+01   1.5655409999999999378500e-03
  8.4458933823622430736577e+01   1.4864629999999999336591e-03
  8.4527471151518241754275e+01   1.4433219999999999209883e-03
  8.4596005431414070585561e+01   1.4247220000000000109802e-03
  8.4664542759309881603258e+01   1.4217880000000000014632e-03
  8.4733077039205710434544e+01   1.4318379999999999475924e-03
  8.4801614367101549873951e+01   1.4552670000000001056251e-03
  8.4870148646997378705237e+01   1.4945270000000000516077e-03
  8.4938685974893189722934e+01   1.5514290000000000024905e-03
  8.5007223302789014951486e+01   1.6225029999999999660854e-03
  8.5075757582684843782772e+01   1.7321100000000000298378e-03
  8.5144294910580669011324e+01   1.8560930000000000657245e-03
  8.5212829190476497842610e+01   1.9851360000000001920784e-03
  8.5281366518372323071162e+01   2.1056880000000000909000e-03
  8.5349903846268134088859e+01   2.2018739999999999319702e-03
  8.5418438126163962920145e+01   2.2667419999999999756513e-03
  8.5486975454059802359552e+01   2.2961269999999998035756e-03
  8.5555509733955631190838e+01   2.3089180000000000814175e-03
  8.5624047061851442208535e+01   2.3086439999999998871905e-03
  8.5692584389747267437087e+01   2.3000429999999998792459e-03
  8.5761118669643096268373e+01   2.2894600000000001061018e-03
  8.5829655997538921496925e+01   2.2723439999999999264202e-03
  8.5898190277434750328212e+01   2.2473499999999999553191e-03
  8.5966727605330575556764e+01   2.2202430000000002163763e-03
  8.6035264933226386574461e+01   2.1925930000000000592852e-03
  8.6103799213122215405747e+01   2.1663210000000001319298e-03
  8.6172336541018054845154e+01   2.1446320000000000487173e-03
  8.6240870820913883676440e+01   2.1298290000000001838398e-03
  8.6309408148809694694137e+01   2.1213130000000001047777e-03
  8.6377945476705505711834e+01   2.1201649999999998101596e-03
  8.6446479756601334543120e+01   2.1260329999999998291937e-03
  8.6515017084497173982527e+01   2.1385710000000001350384e-03
  8.6583551364393002813813e+01   2.1576889999999999611435e-03
  8.6652088692288813831510e+01   2.1853549999999999364775e-03
  8.6720626020184639060062e+01   2.2219520000000001283547e-03
  8.6789160300080467891348e+01   2.2619739999999999291447e-03
  8.6857697627976307330755e+01   2.3022659999999998611808e-03
  8.6926231907872136162041e+01   2.3396900000000001723643e-03
  8.6994769235767947179738e+01   2.3706310000000002137510e-03
  8.7063306563663758197436e+01   2.3920989999999999614522e-03
  8.7131840843559587028722e+01   2.4072160000000002166853e-03
  8.7200378171455426468128e+01   2.4182560000000001380893e-03
  8.7268912451351255299414e+01   2.4265329999999998150662e-03
  8.7337449779247066317112e+01   2.4331689999999997833791e-03
  8.7405987107142891545664e+01   2.4388880000000001668781e-03
  8.7474521387038720376950e+01   2.4447660000000001265241e-03
  8.7543058714934545605502e+01   2.4511060000000002047360e-03
  8.7611592994830374436788e+01   2.4583899999999999676226e-03
  8.7680130322726199665340e+01   2.4670320000000000790208e-03
  8.7748667650622010683037e+01   2.4773780000000001320914e-03
  8.7817201930517839514323e+01   2.4893020000000000944984e-03
  8.7885739258413678953730e+01   2.5045480000000001040428e-03
  8.7954273538309507785016e+01   2.5217019999999997978413e-03
  8.8022810866205318802713e+01   2.5409170000000001754525e-03
  8.8091348194101158242120e+01   2.5617980000000001132576e-03
  8.8159882473996972862551e+01   2.5834669999999998815654e-03
  8.8228419801892798091103e+01   2.6056610000000000014475e-03
  8.8296954081788626922389e+01   2.6263200000000001300970e-03
  8.8365491409684452150941e+01   2.6453700000000001865685e-03
  8.8434028737580277379493e+01   2.6629119999999999179874e-03
  8.8502563017476091999924e+01   2.6792029999999997930127e-03
  8.8571100345371931439331e+01   2.6946000000000001201039e-03
  8.8639634625267760270617e+01   2.7092610000000001344023e-03
  8.8708171953163571288314e+01   2.7236830000000001802962e-03
  8.8776709281059410727721e+01   2.7380989999999999148783e-03
  8.8845243560955211137298e+01   2.7527179999999999183979e-03
  8.8913780888851050576704e+01   2.7677320000000001781748e-03
  8.8982315168746879407990e+01   2.7831969999999998412188e-03
  8.9050852496642690425688e+01   2.7994550000000001724332e-03
  8.9119389824538529865094e+01   2.8170780000000002034344e-03
  8.9187924104434358696381e+01   2.8354779999999997833204e-03
  8.9256461432330169714078e+01   2.8546529999999999648030e-03
  8.9324995712226012756219e+01   2.8744310000000002081055e-03
  8.9393533040121823773916e+01   2.8945400000000001336509e-03
  8.9462070368017663213323e+01   2.9142579999999998659199e-03
  8.9530604647913492044609e+01   2.9323619999999999893858e-03
  8.9599141975809303062306e+01   2.9484049999999998627198e-03
  8.9667676255705131893592e+01   2.9618059999999999873377e-03
  8.9736213583600942911289e+01   2.9719669999999998380447e-03
  8.9804750911496782350696e+01   2.9788890000000001895275e-03
  8.9873285191392611181982e+01   2.9797259999999998157649e-03
  8.9941822519288422199679e+01   2.9753719999999999994145e-03
  9.0010356799184251030965e+01   2.9657379999999998812510e-03
  9.0078894127080076259517e+01   2.9515119999999998856577e-03
  9.0147431454975901488069e+01   2.9328869999999999072793e-03
  9.0215965734871730319355e+01   2.9089179999999999204352e-03
  9.0284503062767555547907e+01   2.8748400000000000342748e-03
  9.0353037342663384379193e+01   2.8316589999999998254754e-03
  9.0421574670559195396891e+01   2.7823689999999998145874e-03
  9.0490111998455034836297e+01   2.7290090000000001221880e-03
  9.0558646278350863667583e+01   2.6729269999999998551343e-03
  9.0627183606246674685281e+01   2.6131240000000000890668e-03
  9.0695717886142503516567e+01   2.5625309999999998367137e-03
  9.0764255214038328745119e+01   2.5213959999999999671283e-03
  9.0832792541934153973671e+01   2.4927970000000001550566e-03
  9.0901326821829982804957e+01   2.4756280000000001166593e-03
  9.0969864149725808033509e+01   2.4681920000000001289009e-03
  9.1038398429621636864795e+01   2.4695870000000000842044e-03
  9.1106935757517447882492e+01   2.4840399999999998592592e-03
  9.1175473085413287321899e+01   2.5178719999999999920592e-03
  9.1244007365309116153185e+01   2.5728220000000002164187e-03
  9.1312544693204927170882e+01   2.6515720000000000435014e-03
  9.1381078973100756002168e+01   2.7585570000000000229212e-03
  9.1449616300996567019865e+01   2.8930100000000001127243e-03
  9.1518153628892406459272e+01   3.0542460000000000441833e-03
  9.1586687908788235290558e+01   3.2678149999999998691347e-03
  9.1655225236684046308255e+01   3.4975639999999998813740e-03
  9.1723759516579875139541e+01   3.7276019999999999987583e-03
  9.1792296844475700368093e+01   3.9392580000000001691496e-03
  9.1860834172371539807500e+01   4.1129399999999998252531e-03
  9.1929368452267368638786e+01   4.2422780000000003680638e-03
  9.1997905780163179656483e+01   4.3170329999999996345439e-03
  9.2066440060059008487769e+01   4.3535120000000003537277e-03
  9.2134977387954819505467e+01   4.3639469999999999649809e-03
  9.2203514715850658944873e+01   4.3535780000000003087113e-03
  9.2272048995746487776159e+01   4.3270330000000000944538e-03
  9.2340586323642298793857e+01   4.2855180000000003132099e-03
  9.2409120603538127625143e+01   4.2249159999999995676601e-03
  9.2477657931433952853695e+01   4.1440720000000003803153e-03
  9.2546195259329778082247e+01   4.0434779999999996558113e-03
  9.2614729539225606913533e+01   3.9228329999999997021454e-03
  9.2683266867121432142085e+01   3.7804990000000000989477e-03
  9.2751801147017260973371e+01   3.6135680000000001618754e-03
  9.2820338474913071991068e+01   3.4203850000000001786715e-03
  9.2888875802808911430475e+01   3.2018239999999998160463e-03
  9.2957410082704740261761e+01   2.9573809999999998120168e-03
  9.3025947410600551279458e+01   2.6975559999999998254949e-03
  9.3094481690496380110744e+01   2.4570479999999998710347e-03
  9.3163019018392205339296e+01   2.2758930000000001867000e-03
  9.3231556346288030567848e+01   2.1601810000000001669995e-03
  9.3300090626183859399134e+01   2.0991939999999999731661e-03
  9.3368627954079684627686e+01   2.0806290000000000721403e-03
  9.3437162233975513458972e+01   2.0950339999999999587854e-03
  9.3505699561871324476670e+01   2.1422260000000001127496e-03
  9.3574236889767163916076e+01   2.2266420000000000309348e-03
  9.3642771169662992747362e+01   2.3632330000000001737903e-03
  9.3711308497558803765060e+01   2.5889689999999999925340e-03
  9.3779842777454632596346e+01   2.9161429999999999469751e-03
  9.3848380105350443614043e+01   3.3474939999999999036551e-03
  9.3916917433246283053450e+01   3.8681539999999999500380e-03
  9.3985451713142111884736e+01   4.4250360000000002469456e-03
  9.4053989041037922902433e+01   4.9610740000000002128400e-03
  9.4122523320933751733719e+01   5.4017689999999998415325e-03
  9.4191060648829576962271e+01   5.7015549999999996441669e-03
  9.4259597976725402190823e+01   5.8503119999999998734896e-03
  9.4328132256621245232964e+01   5.9010280000000000025229e-03
  9.4396669584517056250661e+01   5.8844680000000003372573e-03
  9.4465203864412885081947e+01   5.8421009999999997178155e-03
  9.4533741192308724521354e+01   5.7671210000000000528431e-03
  9.4602278520204535539051e+01   5.6561969999999999608731e-03
  9.4670812800100364370337e+01   5.5089350000000003940159e-03
  9.4739350127996175388034e+01   5.3311540000000002745284e-03
  9.4807884407892004219320e+01   5.1279710000000002650955e-03
  9.4876421735787843658727e+01   4.8945780000000001230820e-03
  9.4944959063683654676424e+01   4.6339900000000001575873e-03
  9.5013493343579483507710e+01   4.3373359999999997957398e-03
  9.5082030671475308736262e+01   4.0230550000000002072720e-03
  9.5150564951371137567548e+01   3.7106529999999999548665e-03
  9.5219102279266962796100e+01   3.4438860000000001693188e-03
  9.5287639607162788024652e+01   3.2345299999999997837830e-03
  9.5356173887058616855938e+01   3.0916229999999999406013e-03
  9.5424711214954427873636e+01   3.0039289999999998007074e-03
  9.5493245494850256704922e+01   2.9612670000000000658513e-03
  9.5561782822746096144328e+01   2.9542309999999998709752e-03
  9.5630320150641907162026e+01   2.9817419999999998994622e-03
  9.5698854430537735993312e+01   3.0548730000000000502081e-03
  9.5767391758433561221864e+01   3.1727869999999998296136e-03
  9.5835926038329390053150e+01   3.3476449999999997875211e-03
  9.5904463366225215281702e+01   3.5945190000000000127289e-03
  9.5973000694121040510254e+01   3.9121490000000001818758e-03
  9.6041534974016869341540e+01   4.3249500000000001484479e-03
  9.6110072301912680359237e+01   4.7688280000000001293547e-03
  9.6178606581808509190523e+01   5.2001549999999997081490e-03
  9.6247143909704348629930e+01   5.5290230000000000973315e-03
  9.6315681237600159647627e+01   5.7421329999999999593729e-03
  9.6384215517495988478913e+01   5.8528290000000003645564e-03
  9.6452752845391799496610e+01   5.8924870000000000719309e-03
  9.6521287125287628327897e+01   5.8844140000000001375358e-03
  9.6589824453183467767303e+01   5.8465499999999998373412e-03
  9.6658361781079278785000e+01   5.7791580000000003849991e-03
  9.6726896060975107616287e+01   5.6751079999999998887406e-03
  9.6795433388870932844839e+01   5.5378509999999998847375e-03
  9.6863967668766761676125e+01   5.3764320000000004329266e-03
  9.6932504996662601115531e+01   5.1991690000000000126956e-03
  9.7001042324558412133229e+01   5.0188649999999999581912e-03
  9.7069576604454240964515e+01   4.8482550000000000992029e-03
  9.7138113932350051982212e+01   4.7006779999999998009841e-03
  9.7206648212245880813498e+01   4.5958309999999998746167e-03
  9.7275185540141720252905e+01   4.5220720000000002442020e-03
  9.7343722868037531270602e+01   4.4758740000000003453340e-03
  9.7412257147933360101888e+01   4.4499889999999996809121e-03
  9.7480794475829185330440e+01   4.4414479999999997503202e-03
  9.7549328755725014161726e+01   4.4550029999999999144600e-03
  9.7617866083620839390278e+01   4.4893190000000002953806e-03
  9.7686403411516664618830e+01   4.5434120000000001449170e-03
  9.7754937691412493450116e+01   4.6206590000000000509339e-03
  9.7823475019308304467813e+01   4.7115040000000000391944e-03
  9.7892009299204133299099e+01   4.7978789999999996856994e-03
  9.7960546627099972738506e+01   4.8687540000000003106995e-03
  9.8029083954995783756203e+01   4.9049319999999998684337e-03
  9.8097618234891612587489e+01   4.9113029999999996758064e-03
  9.8166155562787437816041e+01   4.8939389999999999281144e-03
  9.8234689842683266647327e+01   4.8651620000000001323159e-03
  9.8303227170579091875879e+01   4.8292389999999999275482e-03
  9.8371764498474917104431e+01   4.7844289999999997653468e-03
  9.8440298778370745935717e+01   4.7387840000000002252389e-03
  9.8508836106266556953415e+01   4.6945989999999998207314e-03
  9.8577370386162385784701e+01   4.6621340000000000697300e-03
  9.8645907714058225224107e+01   4.6443389999999999326330e-03
  9.8714445041954036241805e+01   4.6381019999999998498774e-03
  9.8782979321849865073091e+01   4.6535129999999997468807e-03
  9.8851516649745676090788e+01   4.6894739999999998994462e-03
  9.8920050929641504922074e+01   4.7434290000000003950653e-03
  9.8988588257537344361481e+01   4.8177970000000003986118e-03
  9.9057125585433155379178e+01   4.9018890000000004195102e-03
  9.9125659865328984210464e+01   4.9805450000000002844236e-03
  9.9194197193224809439016e+01   5.0432389999999997082236e-03
  9.9262731473120638270302e+01   5.0735429999999998029736e-03
  9.9331268801016477709709e+01   5.0770130000000000120020e-03
  9.9399806128912288727406e+01   5.0523920000000001676033e-03
  9.9468340408808117558692e+01   5.0184249999999999691802e-03
  9.9536877736703928576389e+01   4.9624559999999996381947e-03
  9.9605412016599757407675e+01   4.8872309999999996935061e-03
  9.9673949344495596847082e+01   4.7875019999999999034679e-03
  9.9742486672391407864779e+01   4.6715979999999998964477e-03
  9.9811020952287236696066e+01   4.5399530000000002175065e-03
  9.9879558280183076135472e+01   4.3999340000000003100822e-03
  9.9948092560078890755904e+01   4.2612869999999998874007e-03
  1.0001662988797471598446e+02   4.1402720000000003963692e-03
  1.0008516721587054121301e+02   4.0475689999999999932334e-03
  1.0015370149576637004429e+02   3.9869540000000000187774e-03
  1.0022223882366219527285e+02   3.9670959999999998168985e-03
  1.0029077310355800989328e+02   3.9806980000000003958038e-03
  1.0035931043145384933268e+02   4.0412010000000003415166e-03
  1.0042784775934966035038e+02   4.1510580000000000047700e-03
  1.0049638203924548918167e+02   4.3158329999999998222160e-03
  1.0056491936714132862107e+02   4.5274850000000003633072e-03
  1.0063345364703714324150e+02   4.7790990000000001941549e-03
  1.0070199097493296847006e+02   5.0960270000000003690066e-03
  1.0077052830282879369861e+02   5.3953140000000000126024e-03
  1.0083906258272462252989e+02   5.6221939999999996293023e-03
  1.0090759991062044775845e+02   5.7693680000000004126637e-03
  1.0097613419051627658973e+02   5.8430119999999998586793e-03
  1.0104467151841210181829e+02   5.8542860000000002118625e-03
  1.0111320884630791283598e+02   5.8176069999999998130780e-03
  1.0118174312620374166727e+02   5.7533649999999998680966e-03
  1.0125028045409958110668e+02   5.6500159999999998924891e-03
  1.0131881473399540993796e+02   5.5148380000000002051919e-03
  1.0138735206189122095566e+02   5.3514100000000000209588e-03
  1.0145588938978703197336e+02   5.1671629999999997909232e-03
  1.0152442366968286080464e+02   4.9639749999999998111844e-03
  1.0159296099757870024405e+02   4.7367180000000000048010e-03
  1.0166149527747452907533e+02   4.4903379999999999683258e-03
  1.0173003260537034009303e+02   4.2351519999999998403184e-03
  1.0179856993326616532158e+02   3.9754819999999998006435e-03
  1.0186710421316199415287e+02   3.7138950000000000434275e-03
  1.0193564154105783359228e+02   3.4566910000000000170728e-03
  1.0200417582095366242356e+02   3.2173110000000000423259e-03
  1.0207271314884947344126e+02   2.9889930000000001185378e-03
  1.0214125047674528445896e+02   2.7684030000000000096283e-03
  1.0220978475664111329024e+02   2.5547470000000000074636e-03
  1.0227832208453695272965e+02   2.3455300000000001842126e-03
  1.0234685636443278156094e+02   2.1379910000000001100984e-03
  1.0241539369232859257863e+02   1.9314289999999999149910e-03
  1.0248393102022441780719e+02   1.7252579999999999131599e-03
  1.0255246530012024663847e+02   1.5190139999999999545488e-03
  1.0262100262801607186702e+02   1.3131589999999999408831e-03
  1.0268953690791190069831e+02   1.1066369999999999419044e-03
  1.0275807423580772592686e+02   8.9857599999999999713235e-04
  1.0282661156370353694456e+02   6.8647300000000005277406e-04
  1.0289514584359936577584e+02   4.7056600000000000727854e-04
  1.0296368317149520521525e+02   2.5045500000000001355333e-04
  1.0303221745139103404654e+02   2.5729000000000000486370e-05
  1.0310075477928684506423e+02  -2.0404799999999999522184e-04
  1.0316929210718267029279e+02  -4.4889600000000000638509e-04
  1.0323782638707849912407e+02  -7.0694200000000000875394e-04
  1.0330636371497432435262e+02  -9.7411500000000000691613e-04
  1.0337489799487015318391e+02  -1.2424499999999999780287e-03
  1.0344343532276597841246e+02  -1.5065779999999999536758e-03
  1.0351197265066178943016e+02  -1.7603890000000000076036e-03
  1.0358050693055761826145e+02  -1.9608059999999998337938e-03
  1.0364904425845345770085e+02  -2.1015970000000001871587e-03
  1.0371757853834928653214e+02  -2.1994340000000001111857e-03
  1.0378611586624509754984e+02  -2.2632759999999998296039e-03
  1.0385465319414090856753e+02  -2.2931340000000000577118e-03
  1.0392318747403673739882e+02  -2.2911020000000001557716e-03
  1.0399172480193257683823e+02  -2.2674169999999998700857e-03
  1.0406025908182840566951e+02  -2.2227530000000000551252e-03
  1.0412879640972421668721e+02  -2.1556560000000001518783e-03
  1.0419733373762004191576e+02  -2.0689589999999999890556e-03
  1.0426586801751587074705e+02  -1.9556090000000000798941e-03
  1.0433440534541171018645e+02  -1.8296189999999999935970e-03
  1.0440293962530753901774e+02  -1.6703270000000000963802e-03
  1.0447147695320335003544e+02  -1.5027020000000000741341e-03
  1.0454001428109916105313e+02  -1.3471069999999999485668e-03
  1.0460854856099498988442e+02  -1.2009550000000000780087e-03
  1.0467708588889082932383e+02  -1.0681829999999998929983e-03
  1.0474562016878665815511e+02  -9.8342700000000004244283e-04
  1.0481415749668246917281e+02  -9.3911199999999997629907e-04
  1.0488269482457830861222e+02  -9.2030699999999998270339e-04
  1.0495122910447412323265e+02  -9.2072400000000004325479e-04
  1.0501976643236994846120e+02  -9.2995100000000004147882e-04
  1.0508830071226577729249e+02  -9.5227699999999996290784e-04
  1.0515683804016160252104e+02  -9.9330199999999994366073e-04
  1.0522537536805742774959e+02  -1.0518050000000000576000e-03
  1.0529390964795324237002e+02  -1.1285959999999999395226e-03
  1.0536244697584908180943e+02  -1.2214969999999999907686e-03
  1.0543098125574491064071e+02  -1.3261970000000000962509e-03
  1.0549951858364072165841e+02  -1.4432099999999998922451e-03
  1.0556805591153656109782e+02  -1.5798529999999999864913e-03
  1.0563659019143237571825e+02  -1.7206190000000000546454e-03
  1.0570512751932820094680e+02  -1.8548620000000000905549e-03
  1.0577366179922402977809e+02  -1.9819379999999999289462e-03
  1.0584219912711985500664e+02  -2.1007669999999999121965e-03
  1.0591073645501568023519e+02  -2.2008409999999998217513e-03
  1.0597927073491150906648e+02  -2.2803749999999998500366e-03
  1.0604780806280733429503e+02  -2.3450689999999999729718e-03
  1.0611634234270316312632e+02  -2.4024789999999998993396e-03
  1.0618487967059897414401e+02  -2.4552459999999999042120e-03
  1.0625341699849481358342e+02  -2.5049420000000000192941e-03
  1.0632195127839064241471e+02  -2.5531139999999999910807e-03
  1.0639048860628645343240e+02  -2.6023370000000001396601e-03
  1.0645902288618228226369e+02  -2.6542319999999998587914e-03
  1.0652756021407809328139e+02  -2.7100909999999999756837e-03
  1.0659609754197393272079e+02  -2.7697569999999998614781e-03
  1.0666463182186976155208e+02  -2.8336479999999998093119e-03
  1.0673316914976557256978e+02  -2.9058429999999999676641e-03
  1.0680170342966140140106e+02  -2.9890619999999997954965e-03
  1.0687024075755722662961e+02  -3.0815629999999998370197e-03
  1.0693877808545306606902e+02  -3.1782210000000001709486e-03
  1.0700731236534889490031e+02  -3.2776310000000000340059e-03
  1.0707584969324470591800e+02  -3.3757639999999998481339e-03
  1.0714438397314053474929e+02  -3.4669700000000002078349e-03
  1.0721292130103634576699e+02  -3.5392399999999999207767e-03
  1.0728145862893218520639e+02  -3.5908110000000001763021e-03
  1.0734999290882801403768e+02  -3.6294560000000000883624e-03
  1.0741853023672382505538e+02  -3.6568230000000000179394e-03
  1.0748706451661965388666e+02  -3.6747089999999999615499e-03
  1.0755560184451547911522e+02  -3.6865470000000000877494e-03
  1.0762413917241130434377e+02  -3.6962430000000000979155e-03
  1.0769267345230713317505e+02  -3.7073779999999998888138e-03
  1.0776121078020295840361e+02  -3.7220529999999999067051e-03
  1.0782974506009878723489e+02  -3.7395000000000002023104e-03
  1.0789828238799459825259e+02  -3.7630269999999999518125e-03
  1.0796681971589043769200e+02  -3.7945710000000000550191e-03
  1.0803535399578626652328e+02  -3.8412170000000000688600e-03
  1.0810389132368207754098e+02  -3.9034230000000000489202e-03
  1.0817242560357790637227e+02  -3.9691769999999999482543e-03
  1.0824096293147373160082e+02  -4.0380950000000002259037e-03
  1.0830950025936955682937e+02  -4.1073159999999997449294e-03
  1.0837803453926538566066e+02  -4.1608490000000003181113e-03
  1.0844657186716121088921e+02  -4.1746059999999999765019e-03
  1.0851510614705703972049e+02  -4.1482259999999996497033e-03
  1.0858364347495285073819e+02  -4.0932249999999998149591e-03
  1.0865218080284869017760e+02  -3.9992109999999999117581e-03
  1.0872071508274451900888e+02  -3.8570739999999998325053e-03
  1.0878925241064033002658e+02  -3.6572580000000000366445e-03
  1.0885778669053615885787e+02  -3.3841399999999998912670e-03
  1.0892632401843196987556e+02  -3.0529849999999998134970e-03
  1.0899486134632780931497e+02  -2.6966229999999999887572e-03
  1.0906339562622363814626e+02  -2.3044039999999999142333e-03
  1.0913193295411944916395e+02  -1.8833689999999999719477e-03
  1.0920046723401527799524e+02  -1.4826520000000001017759e-03
  1.0926900456191110322379e+02  -1.1467280000000000701743e-03
  1.0933754188980692845234e+02  -8.7608100000000001684325e-04
  1.0940607616970277149449e+02  -6.6297199999999995370659e-04
  1.0947461349759858251218e+02  -5.2739599999999996291639e-04
  1.0954314777749441134347e+02  -4.5229800000000001209896e-04
  1.0961168510539022236117e+02  -4.2149499999999997515085e-04
  1.0968022243328606180057e+02  -4.2510099999999999449696e-04
  1.0974875671318189063186e+02  -4.4834799999999999740169e-04
  1.0981729404107770164956e+02  -4.8118599999999998352573e-04
  1.0988582832097353048084e+02  -5.3126200000000001026634e-04
  1.0995436564886935570939e+02  -6.0515099999999995283861e-04
  1.1002290297676518093795e+02  -6.9202100000000002066186e-04
  1.1009143725666100976923e+02  -7.9495900000000003018941e-04
  1.1015997458455683499778e+02  -9.0786999999999996608518e-04
  1.1022850886445266382907e+02  -1.0268799999999999802980e-03
  1.1029704619234847484677e+02  -1.1552299999999999288031e-03
  1.1036558352024431428617e+02  -1.2957949999999999763506e-03
  1.1043411780014014311746e+02  -1.4470119999999999076817e-03
  1.1050265512803595413516e+02  -1.6079110000000000624265e-03
  1.1057118940793178296644e+02  -1.7747089999999999653663e-03
  1.1063972673582760819500e+02  -1.9507360000000000064407e-03
  1.1070826406372343342355e+02  -2.1386349999999998416911e-03
  1.1077679834361926225483e+02  -2.3372580000000000438609e-03
  1.1084533567151508748339e+02  -2.5556500000000000223654e-03
  1.1091386995141091631467e+02  -2.7919249999999997888245e-03
  1.1098240727930672733237e+02  -3.0318480000000001817195e-03
  1.1105094460720256677178e+02  -3.2806540000000000353864e-03
  1.1111947888709839560306e+02  -3.5316520000000001418272e-03
  1.1118801621499420662076e+02  -3.7451020000000001530793e-03
  1.1125655049489003545204e+02  -3.9071200000000000374101e-03
  1.1132508782278587489145e+02  -4.0172819999999996240514e-03
  1.1139362515068168590915e+02  -4.0881470000000003084395e-03
  1.1146215943057751474043e+02  -4.1130020000000001509366e-03
  1.1153069675847332575813e+02  -4.0909739999999998258384e-03
  1.1159923103836915458942e+02  -4.0394920000000004295382e-03
  1.1166776836626499402882e+02  -3.9417929999999998594284e-03
  1.1173630569416080504652e+02  -3.8038889999999999681768e-03
  1.1180483997405663387781e+02  -3.6315300000000000010814e-03
  1.1187337730195245910636e+02  -3.4031090000000000818370e-03
  1.1194191158184828793765e+02  -3.1354410000000000960374e-03
  1.1201044890974412737705e+02  -2.8203939999999999392599e-03
  1.1207898623763993839475e+02  -2.4645209999999998992659e-03
  1.1214752051753576722604e+02  -2.1173730000000000849025e-03
  1.1221605784543157824373e+02  -1.7886099999999999395073e-03
  1.1228459212532740707502e+02  -1.4810339999999999963110e-03
  1.1235312945322324651443e+02  -1.2323650000000000229172e-03
  1.1242166678111905753212e+02  -1.0619650000000000009820e-03
  1.1249020106101488636341e+02  -9.5493800000000001078349e-04
  1.1255873838891071159196e+02  -8.7840900000000002572492e-04
  1.1262727266880654042325e+02  -8.3045400000000000120814e-04
  1.1269580999670236565180e+02  -8.0311700000000000188721e-04
  1.1276434732459819088035e+02  -7.9093200000000004994127e-04
  1.1283288160449401971164e+02  -7.9137800000000002500350e-04
  1.1290141893238983072933e+02  -8.0018799999999996267613e-04
  1.1296995321228565956062e+02  -8.1242200000000003561745e-04
  1.1303849054018149900003e+02  -8.3055800000000001240968e-04
  1.1310702786807731001772e+02  -8.5727100000000005294160e-04
  1.1317556214797313884901e+02  -8.8971000000000004508810e-04
  1.1324409947586896407756e+02  -9.2778200000000004242506e-04
  1.1331263375576479290885e+02  -9.7374300000000000437916e-04
  1.1338117108366061813740e+02  -1.0255369999999999763851e-03
  1.1344970841155644336595e+02  -1.0824369999999998957774e-03
  1.1351824269145227219724e+02  -1.1470469999999999971552e-03
  1.1358678001934808321494e+02  -1.2217540000000000257468e-03
  1.1365531429924391204622e+02  -1.3082809999999998971237e-03
  1.1372385162713975148563e+02  -1.4061320000000000415841e-03
  1.1379238895503556250333e+02  -1.5075959999999999361364e-03
  1.1386092323493139133461e+02  -1.6114079999999999376348e-03
  1.1392946056282720235231e+02  -1.7135159999999999974607e-03
  1.1399799484272303118360e+02  -1.7990199999999999160710e-03
  1.1406653217061887062300e+02  -1.8611999999999999204359e-03
  1.1413506949851468164070e+02  -1.9029789999999999552949e-03
  1.1420360377841051047199e+02  -1.9287329999999999665533e-03
  1.1427214110630633570054e+02  -1.9383689999999998993668e-03
  1.1434067538620216453182e+02  -1.9340850000000001009809e-03
  1.1440921271409800397123e+02  -1.9176169999999999327134e-03
  1.1447775004199381498893e+02  -1.8895450000000000700257e-03
  1.1454628432188964382021e+02  -1.8509460000000000148845e-03
  1.1461482164978545483791e+02  -1.8031069999999999736717e-03
  1.1468335592968128366920e+02  -1.7420599999999999193262e-03
  1.1475189325757712310860e+02  -1.6685929999999998991911e-03
  1.1482043058547293412630e+02  -1.5864150000000000906991e-03
  1.1488896486536876295759e+02  -1.4926410000000000632275e-03
  1.1495750219326458818614e+02  -1.3978400000000000200084e-03
  1.1502603647316041701743e+02  -1.3052199999999999479455e-03
  1.1509457380105624224598e+02  -1.2178709999999999275683e-03
  1.1516311112895206747453e+02  -1.1384529999999999910071e-03
  1.1523164540884789630582e+02  -1.0756260000000000993936e-03
  1.1530018273674370732351e+02  -1.0287259999999999893899e-03
  1.1536871701663953615480e+02  -9.9054400000000010322043e-04
  1.1543725434453537559421e+02  -9.6094699999999997307165e-04
  1.1550579167243118661190e+02  -9.3855000000000001793288e-04
  1.1557432595232701544319e+02  -9.2177600000000001895240e-04
  1.1564286328022284067174e+02  -9.0909800000000000243933e-04
  1.1571139756011866950303e+02  -8.9976499999999996152328e-04
  1.1577993488801449473158e+02  -8.9207299999999995453182e-04
  1.1584847221591031996013e+02  -8.8562500000000001897787e-04
  1.1591700649580614879142e+02  -8.8036300000000000057915e-04
  1.1598554382370195980911e+02  -8.7628900000000003924633e-04
  1.1605407810359778864040e+02  -8.7245400000000004631789e-04
  1.1612261543149362807981e+02  -8.6890999999999997318451e-04
  1.1619115275938943909750e+02  -8.6519600000000004228623e-04
  1.1625968703928526792879e+02  -8.6090099999999996228245e-04
  1.1632822436718110736820e+02  -8.5604500000000004807793e-04
  1.1639675864707690777777e+02  -8.5032200000000003527884e-04
  1.1646529597497274721718e+02  -8.4333400000000005407308e-04
  1.1653383330286855823488e+02  -8.3493599999999998980543e-04
  1.1660236758276438706616e+02  -8.2545299999999997234840e-04
  1.1667090491066022650557e+02  -8.1472900000000003910977e-04
  1.1673943919055604112600e+02  -8.0262300000000002999506e-04
  1.1680797651845186635455e+02  -7.8936600000000000428718e-04
  1.1687651384634769158311e+02  -7.7524400000000001989542e-04
  1.1694504812624352041439e+02  -7.6083399999999994610389e-04
  1.1701358545413935985380e+02  -7.4701100000000000746908e-04
  1.1708211973403516026337e+02  -7.3422199999999997795802e-04
  1.1715065706193099970278e+02  -7.2238599999999999166922e-04
  1.1721919438982681072048e+02  -7.1234200000000003159123e-04
  1.1728772866972263955176e+02  -7.0374599999999999395267e-04
  1.1735626599761847899117e+02  -6.9575099999999998664352e-04
  1.1742480027751429361160e+02  -6.8859300000000003925266e-04
  1.1749333760541011884015e+02  -6.8203999999999996833172e-04
  1.1756187493330594406871e+02  -6.7534799999999998564720e-04
  1.1763040921320177289999e+02  -6.6830600000000002156031e-04
  1.1769894654109759812854e+02  -6.6064200000000002175465e-04
  1.1776748082099342695983e+02  -6.5221099999999997999522e-04
  1.1783601814888925218838e+02  -6.4313800000000002129313e-04
  1.1790455547678506320608e+02  -6.3287000000000000372868e-04
  1.1797308975668089203737e+02  -6.2110200000000000391392e-04
  1.1804162708457673147677e+02  -6.0753900000000003907286e-04
  1.1811016136447256030806e+02  -5.9177100000000005045053e-04
  1.1817869869236837132576e+02  -5.7444899999999998827654e-04
  1.1824723602026419655431e+02  -5.5615199999999997016592e-04
  1.1831577030016002538559e+02  -5.3615100000000001038286e-04
  1.1838430762805585061415e+02  -5.1671599999999996352673e-04
  1.1845284190795167944543e+02  -4.9866600000000003978240e-04
  1.1852137923584750467398e+02  -4.8340999999999998120587e-04
  1.1858991656374331569168e+02  -4.7031800000000000558723e-04
  1.1865845084363914452297e+02  -4.5981400000000001264400e-04
  1.1872698817153498396237e+02  -4.5201900000000001019623e-04
  1.1879552245143081279366e+02  -4.4669399999999997562944e-04
  1.1886405977932662381136e+02  -4.4300799999999999770686e-04
  1.1893259710722243482905e+02  -4.4050099999999998935316e-04
  1.1900113138711826366034e+02  -4.3860799999999999917652e-04
  1.1906966871501410309975e+02  -4.3739899999999999093137e-04
  1.1913820299490993193103e+02  -4.3657100000000001851011e-04
  1.1920674032280574294873e+02  -4.3594000000000000371453e-04
  1.1927527765070156817728e+02  -4.3525399999999999029257e-04
  1.1934381193059739700857e+02  -4.3430699999999998733163e-04
  1.1941234925849323644798e+02  -4.3298000000000001850214e-04
  1.1948088353838906527926e+02  -4.3113899999999997971617e-04
  1.1954942086628487629696e+02  -4.2854999999999998129552e-04
  1.1961795819418068731466e+02  -4.2490900000000000717726e-04
  1.1968649247407651614594e+02  -4.2011899999999999374620e-04
  1.1975502980197235558535e+02  -4.1396500000000002522302e-04
  1.1982356408186818441663e+02  -4.0671300000000000724257e-04
  1.1989210140976399543433e+02  -3.9790499999999999264019e-04
  1.1996063873765982066288e+02  -3.8759599999999998004227e-04
  1.2002917301755564949417e+02  -3.7597400000000000220776e-04
  1.2009771034545147472272e+02  -3.6392299999999999171943e-04
  1.2016624462534730355401e+02  -3.5247000000000001853490e-04
  1.2023478195324312878256e+02  -3.4213400000000001449640e-04
  1.2030331928113893980026e+02  -3.3324299999999999408185e-04
  1.2037185356103476863154e+02  -3.2663499999999997874464e-04
  1.2044039088893060807095e+02  -3.2262399999999997936978e-04
  1.2050892516882643690224e+02  -3.2033799999999998126682e-04
  1.2057746249672224791993e+02  -3.1936300000000002533018e-04
  1.2064599982461807314849e+02  -3.1938499999999999225467e-04
  1.2071453410451390197977e+02  -3.2024799999999997365818e-04
  1.2078307143240972720832e+02  -3.2179099999999998243244e-04
  1.2085160571230555603961e+02  -3.2409399999999997715391e-04
  1.2092014304020138126816e+02  -3.2689399999999999100325e-04
  1.2098868036809719228586e+02  -3.3002200000000001933048e-04
  1.2105721464799302111714e+02  -3.3327800000000000306410e-04
  1.2112575197588886055655e+02  -3.3678400000000001997952e-04
  1.2119428625578468938784e+02  -3.3998399999999998934153e-04
  1.2126282358368050040553e+02  -3.4274899999999999420860e-04
  1.2133136091157631142323e+02  -3.4483799999999998047578e-04
  1.2139989519147214025452e+02  -3.4650799999999998312131e-04
  1.2146843251936797969393e+02  -3.4761399999999999591016e-04
  1.2153696679926380852521e+02  -3.4803200000000001799669e-04
  1.2160550412715961954291e+02  -3.4784900000000000975381e-04
  1.2167404145505545898232e+02  -3.4724300000000000911843e-04
  1.2174257573495127360275e+02  -3.4631000000000000975039e-04
  1.2181111306284709883130e+02  -3.4524900000000000076586e-04
  1.2187964734274294187344e+02  -3.4406299999999997519043e-04
  1.2194818467063875289114e+02  -3.4292699999999997793540e-04
  1.2201672199853459233054e+02  -3.4209300000000001946293e-04
  1.2208525627843039274012e+02  -3.4161599999999998997918e-04
  1.2215379360632623217953e+02  -3.4150100000000002242045e-04
  1.2222232788622206101081e+02  -3.4161299999999999695358e-04
  1.2229086521411787202851e+02  -3.4201700000000001544720e-04
  1.2235940254201371146792e+02  -3.4272799999999998881925e-04
  1.2242793682190952608835e+02  -3.4355399999999998396014e-04
  1.2249647414980535131690e+02  -3.4437999999999997910102e-04
  1.2256500842970118014819e+02  -3.4507100000000001703906e-04
  1.2263354575759700537674e+02  -3.4564500000000000171779e-04
  1.2270208308549283060529e+02  -3.4599899999999999189101e-04
  1.2277061736538865943658e+02  -3.4595399999999998808670e-04
  1.2283915469328448466513e+02  -3.4548700000000000763511e-04
  1.2290768897318031349641e+02  -3.4480099999999999421316e-04
  1.2297622630107612451411e+02  -3.4405100000000000308800e-04
  1.2304476362897196395352e+02  -3.4342100000000000403766e-04
  1.2311329790886779278480e+02  -3.4308199999999997899247e-04
  1.2318183523676360380250e+02  -3.4338599999999999505540e-04
  1.2325036951665943263379e+02  -3.4447900000000001999659e-04
  1.2331890684455525786234e+02  -3.4639199999999999981734e-04
  1.2338744417245108309089e+02  -3.4918599999999997340536e-04
  1.2345597845234691192218e+02  -3.5283299999999998778494e-04
  1.2352451578024273715073e+02  -3.5735699999999998716094e-04
  1.2359305006013856598202e+02  -3.6303900000000000492656e-04
  1.2366158738803437699971e+02  -3.6963700000000002544170e-04
  1.2373012471593021643912e+02  -3.7676300000000001108602e-04
  1.2379865899582604527041e+02  -3.8404699999999999081302e-04
  1.2386719632372185628810e+02  -3.9144199999999998353800e-04
  1.2393573060361768511939e+02  -3.9813300000000000468739e-04
  1.2400426793151349613709e+02  -4.0388400000000002467229e-04
  1.2407280525940933557649e+02  -4.0836900000000000629519e-04
  1.2414133953930516440778e+02  -4.1174799999999997512923e-04
  1.2420987686720097542548e+02  -4.1396299999999999373254e-04
  1.2427841114709680425676e+02  -4.1513999999999998602104e-04
  1.2434694847499262948531e+02  -4.1559900000000000314104e-04
  1.2441548580288846892472e+02  -4.1517300000000001772293e-04
  1.2448402008278429775601e+02  -4.1411699999999997904437e-04
  1.2455255741068010877370e+02  -4.1269100000000002352943e-04
  1.2462109169057593760499e+02  -4.1098600000000001190165e-04
  1.2468962901847174862269e+02  -4.0901000000000001591283e-04
  1.2475816634636758806209e+02  -4.0708600000000002552478e-04
  1.2482670062626341689338e+02  -4.0545000000000001611627e-04
  1.2489523795415922791108e+02  -4.0433700000000000153097e-04
  1.2496377223405505674236e+02  -4.0382200000000002424946e-04
  1.2503230956195088197092e+02  -4.0394699999999998663025e-04
  1.2510084688984670719947e+02  -4.0486599999999998240538e-04
  1.2516938116974253603075e+02  -4.0652400000000001294848e-04
  1.2523791849763836125931e+02  -4.0906699999999999181957e-04
  1.2530645277753419009059e+02  -4.1231800000000000524722e-04
  1.2537499010543000110829e+02  -4.1617999999999998961622e-04
  1.2544352743332584054770e+02  -4.2070600000000002048270e-04
  1.2551206171322166937898e+02  -4.2569199999999997579420e-04
  1.2558059904111748039668e+02  -4.3099099999999998045555e-04
  1.2564913332101330922796e+02  -4.3607900000000002389833e-04
  1.2571767064890913445652e+02  -4.4084199999999999167871e-04
  1.2578620797680495968507e+02  -4.4516400000000000891295e-04
  1.2585474225670078851635e+02  -4.4880300000000000575084e-04
  1.2592327958459661374491e+02  -4.5169699999999998176956e-04
  1.2897127957996363534221e+02   0.0000000000000000000000e+00
  1.3201927957533069957208e+02   0.0000000000000000000000e+00
  1.4522120753286378658231e+02 0.00