  6.4970867216044268843689e+01 0.0
  7.6436314371816791890524e+01   0.0000000000000000000000e+00
  8.1008314364867359813616e+01   0.0000000000000000000000e+00
  8.1076851692763185042168e+01   0.0000000000000000000000e+00
  8.1145389020659010270720e+01   0.0000000000000000000000e+00
  8.1213923300554839102006e+01   1.0000000000000000622816e-09
  8.1282460628450650119703e+01   1.0000000000000000622816e-09
  8.1350994908346478950989e+01   2.9999999999999999800496e-09
  8.1419532236242318390396e+01   5.9999999999999999600992e-09
  8.1488069564138129408093e+01   1.3999999999999999631171e-08
  8.1556603844033958239379e+01   2.9000000000000001599371e-08
  8.1625141171929783467931e+01   5.9999999999999994637909e-08
  8.1693675451825612299217e+01   1.1999999999999998927582e-07
  8.1762212779721437527769e+01   2.3599999999999999567330e-07
  8.1830750107617262756321e+01   4.5200000000000002401538e-07
  8.1899284387513091587607e+01   8.4700000000000000084692e-07
  8.1967821715408902605304e+01   1.5510000000000000579281e-06
  8.2036355995304731436590e+01   2.7760000000000001877829e-06
  8.2104893323200570875997e+01   4.8480000000000000008474e-06
  8.2173430651096381893694e+01   8.2930000000000000514189e-06
  8.2241964930992210724980e+01   1.4148000000000000744675e-05
  8.2310502258888021742678e+01   2.3608000000000001650669e-05
  8.2379036538783850573964e+01   3.8500000000000000693022e-05
  8.2447573866679690013370e+01   6.1515999999999998524951e-05
  8.2516111194575501031068e+01   9.6168999999999993529530e-05
  8.2584645474471329862354e+01   1.4742800000000001216238e-04
  8.2653182802367155090906e+01   2.2150800000000000762428e-04
  8.2721717082262983922192e+01   3.2705899999999998688238e-04
  8.2790254410158809150744e+01   4.7217800000000001827208e-04
  8.2858791738054634379296e+01   6.6942100000000001342598e-04
  8.2927326017950463210582e+01   9.3452499999999996075500e-04
  8.2995863345846274228279e+01   1.2656130000000000677962e-03
  8.3064397625742103059565e+01   1.6983359999999999428999e-03
  8.3132934953637942498972e+01   2.2120719999999998231499e-03
  8.3201472281533753516669e+01   2.7476499999999999188094e-03
  8.3270006561429582347955e+01   3.2213390000000001467395e-03
  8.3338543889325407576507e+01   3.5676219999999998939988e-03
  8.3407078169221236407793e+01   3.7840690000000001477765e-03
  8.3475615497117061636345e+01   3.8888230000000000192995e-03
  8.3544152825012886864897e+01   3.9196989999999995793467e-03
  8.3612687104908715696183e+01   3.9085550000000001888423e-03
  8.3681224432804526713880e+01   3.8731460000000000540310e-03
  8.3749758712700355545167e+01   3.7954389999999998440983e-03
  8.3818296040596194984573e+01   3.6781340000000000041436e-03
  8.3886833368492006002271e+01   3.5270050000000001573508e-03
  8.3955367648387834833557e+01   3.3333999999999998180289e-03
  8.4023904976283660062109e+01   3.0940590000000001320857e-03
  8.4092439256179488893395e+01   2.8024970000000001477125e-03
  8.4160976584075314121947e+01   2.4839100000000001976230e-03
  8.4229513911971139350499e+01   2.1677639999999999756430e-03
  8.4298048191866968181785e+01   1.8903139999999999266295e-03
  8.4366585519762779199482e+01   1.6812789999999999332458e-03
  8.4435119799658608030768e+01   1.5369299999999999368355e-03
  8.4503657127554447470175e+01   1.4502709999999999386511e-03
  8.4572194455450258487872e+01   1.4032879999999999312554e-03
  8.4640728735346087319158e+01   1.3839469999999999549889e-03
  8.4709266063241898336855e+01   1.3788089999999999374358e-03
  8.4777800343137727168141e+01   1.3840840000000000521024e-03
  8.4846337671033566607548e+01   1.4053679999999999384458e-03
  8.4914874998929377625245e+01   1.4442380000000000321581e-03
  8.4983409278825206456531e+01   1.5019090000000000564850e-03
  8.5051946606721031685083e+01   1.5813360000000000263332e-03
  8.5120480886616860516369e+01   1.6889640000000000468611e-03
  8.5189018214512685744921e+01   1.8192250000000000521166e-03
  8.5257555542408510973473e+01   1.9584989999999998303015e-03
  8.5326089822304339804759e+01   2.0919300000000000915035e-03
  8.5394627150200150822457e+01   2.1928669999999998198315e-03
  8.5463161430095979653743e+01   2.2571940000000001273761e-03
  8.5531698757991819093149e+01   2.2926969999999997906759e-03
  8.5600236085887630110847e+01   2.3074219999999999453077e-03
  8.5668770365783458942133e+01   2.3094289999999999957181e-03
  8.5737307693679298381539e+01   2.3021660000000000213805e-03
  8.5805841973575113001971e+01   2.2913590000000001907499e-03
  8.5874379301470938230523e+01   2.2765289999999997923308e-03
  8.5942916629366763459075e+01   2.2551410000000000032061e-03
  8.6011450909262592290361e+01   2.2304019999999998187523e-03
  8.6079988237158417518913e+01   2.2044349999999998147848e-03
  8.6148522517054232139344e+01   2.1783390000000000565061e-03
  8.6217059844950071578751e+01   2.1594760000000000170484e-03
  8.6285597172845882596448e+01   2.1441390000000002009906e-03
  8.6354131452741711427734e+01   2.1358190000000001722291e-03
  8.6422668780637550867141e+01   2.1310560000000000960285e-03
  8.6491203060533365487572e+01   2.1343510000000000433051e-03
  8.6559740388429190716124e+01   2.1442679999999999553018e-03
  8.6628277716325015944676e+01   2.1613219999999998092999e-03
  8.6696811996220844775962e+01   2.1863109999999998100950e-03
  8.6765349324116670004514e+01   2.2198819999999998449358e-03
  8.6833883604012498835800e+01   2.2589459999999999574583e-03
  8.6902420931908324064352e+01   2.2992720000000002079921e-03
  8.6970958259804135082049e+01   2.3362880000000001666505e-03
  8.7039492539699963913336e+01   2.3655279999999999883398e-03
  8.7108029867595803352742e+01   2.3870570000000001543994e-03
  8.7176564147491632184028e+01   2.4022639999999998751401e-03
  8.7245101475387443201726e+01   2.4126970000000001054241e-03
  8.7313638803283254219423e+01   2.4201090000000001489777e-03
  8.7382173083179083050709e+01   2.4259630000000001644189e-03
  8.7450710411074922490116e+01   2.4311530000000001333627e-03
  8.7519244690970751321402e+01   2.4366129999999997998716e-03
  8.7587782018866562339099e+01   2.4426080000000001922478e-03
  8.7656319346762387567651e+01   2.4496779999999998382598e-03
  8.7724853626658216398937e+01   2.4584239999999998524394e-03
  8.7793390954554041627489e+01   2.4692360000000000870568e-03
  8.7861925234449870458775e+01   2.4825319999999999678875e-03
  8.7930462562345695687327e+01   2.4984650000000000608091e-03
  8.7998999890241506705024e+01   2.5167810000000000528186e-03
  8.8067534170137335536310e+01   2.5377260000000001309572e-03
  8.8136071498033174975717e+01   2.5605089999999998753855e-03
  8.8204605777929003807003e+01   2.5836840000000001540958e-03
  8.8273143105824814824700e+01   2.6063219999999998922890e-03
  8.8341680433720640053252e+01   2.6271760000000001639142e-03
  8.8410214713616468884538e+01   2.6458990000000001674429e-03
  8.8478752041512294113090e+01   2.6627310000000002122855e-03
  8.8547286321408122944376e+01   2.6781370000000001389828e-03
  8.8615823649303948172928e+01   2.6926079999999999806115e-03
  8.8684360977199759190626e+01   2.7065140000000001418989e-03
  8.8752895257095588021912e+01   2.7202030000000000306559e-03
  8.8821432584991427461318e+01   2.7339750000000000336453e-03
  8.8889966864887256292604e+01   2.7479829999999998493831e-03
  8.8958504192783067310302e+01   2.7625639999999999051050e-03
  8.9027041520678892538854e+01   2.7779839999999998353952e-03
  8.9095575800574721370140e+01   2.7944300000000000909484e-03
  8.9164113128470546598692e+01   2.8121470000000000841189e-03
  8.9232647408366375429978e+01   2.8309469999999998905682e-03
  8.9301184736262200658530e+01   2.8511539999999998412639e-03
  8.9369722064158011676227e+01   2.8724900000000001126788e-03
  8.9438256344053840507513e+01   2.8942040000000000474212e-03
  8.9506793671949679946920e+01   2.9159199999999997968136e-03
  8.9575327951845508778206e+01   2.9366100000000000883049e-03
  8.9643865279741319795903e+01   2.9554759999999998497378e-03
  8.9712402607637130813600e+01   2.9717390000000001512581e-03
  8.9780936887532959644886e+01   2.9840119999999998624818e-03
  8.9849474215428799084293e+01   2.9915190000000002092106e-03
  8.9918008495324627915579e+01   2.9927310000000002104814e-03
  8.9986545823220438933276e+01   2.9873420000000000355811e-03
  9.0055083151116264161828e+01   2.9757410000000000631359e-03
  9.0123617431012092993114e+01   2.9611189999999999039604e-03
  9.0192154758907918221666e+01   2.9399339999999999500924e-03
  9.0260689038803747052953e+01   2.9113250000000001974088e-03
  9.0329226366699572281505e+01   2.8747989999999999308211e-03
  9.0397763694595383299202e+01   2.8310269999999998491447e-03
  9.0466297974491212130488e+01   2.7840220000000001458751e-03
  9.0534835302387051569895e+01   2.7281190000000002035541e-03
  9.0603369582282880401181e+01   2.6681230000000001091609e-03
  9.0671906910178691418878e+01   2.6076879999999999330818e-03
  9.0740444238074530858285e+01   2.5531189999999999613867e-03
  9.0808978517970345478716e+01   2.5108959999999998745357e-03
  9.0877515845866170707268e+01   2.4816470000000000195595e-03
  9.0946050125761999538554e+01   2.4633509999999999087739e-03
  9.1014587453657824767106e+01   2.4541219999999999874796e-03
  9.1083124781553649995658e+01   2.4589920000000001221174e-03
  9.1151659061449464616089e+01   2.4737760000000000130960e-03
  9.1220196389345304055496e+01   2.5040180000000002158433e-03
  9.1288730669241132886782e+01   2.5538459999999998072118e-03
  9.1357267997136943904479e+01   2.6270170000000001540863e-03
  9.1425805325032783343886e+01   2.7277659999999999580755e-03
  9.1494339604928597964317e+01   2.8602589999999999785529e-03
  9.1562876932824423192869e+01   3.0253089999999998975511e-03
  9.1631411212720252024155e+01   3.2296439999999998309022e-03
  9.1699948540616077252707e+01   3.4616400000000002029621e-03
  9.1768485868511902481259e+01   3.7043150000000001249856e-03
  9.1837020148407731312545e+01   3.9326250000000003564926e-03
  9.1905557476303556541097e+01   4.1195360000000000311182e-03
  9.1974091756199385372383e+01   4.2518080000000001497651e-03
  9.2042629084095196390081e+01   4.3287610000000004140119e-03
  9.2111166411991035829487e+01   4.3705619999999997110640e-03
  9.2179700691886864660773e+01   4.3814300000000003937339e-03
  9.2248238019782675678471e+01   4.3694889999999998383973e-03
  9.2316772299678504509757e+01   4.3468289999999999706493e-03
  9.2385309627574315527454e+01   4.3089970000000001743024e-03
  9.2453846955470154966861e+01   4.2499330000000000093219e-03
  9.2522381235365983798147e+01   4.1728759999999998422937e-03
  9.2590918563261794815844e+01   4.0810200000000003070499e-03
  9.2659452843157623647130e+01   3.9723730000000003967364e-03
  9.2727990171053448875682e+01   3.8417310000000001388165e-03
  9.2796527498949274104234e+01   3.6792510000000001359199e-03
  9.2865061778845102935520e+01   3.4876719999999998209073e-03
  9.2933599106740928164072e+01   3.2680600000000001488509e-03
  9.3002133386636756995358e+01   3.0110440000000000468350e-03
  9.3070670714532568013055e+01   2.7346839999999998128966e-03
  9.3139208042428407452462e+01   2.4679620000000001937834e-03
  9.3207742322324236283748e+01   2.2502680000000001465932e-03
  9.3276279650220047301445e+01   2.0955420000000001511109e-03
  9.3344813930115876132732e+01   2.0119019999999998744855e-03
  9.3413351258011701361283e+01   1.9811749999999999499734e-03
  9.3481888585907526589835e+01   1.9932710000000000184761e-03
  9.3550422865803355421122e+01   2.0235430000000000430593e-03
  9.3618960193699180649674e+01   2.0946779999999999913318e-03
  9.3687494473595009480960e+01   2.2140969999999999401341e-03
  9.3756031801490820498657e+01   2.4176169999999999431217e-03
  9.3824569129386659938064e+01   2.7279299999999999382094e-03
  9.3893103409282488769350e+01   3.1227379999999999027338e-03
  9.3961640737178299787047e+01   3.6418499999999998616163e-03
  9.4030175017074128618333e+01   4.2378829999999995808979e-03
  9.4098712344969953846885e+01   4.8285919999999996066187e-03
  9.4167249672865779075437e+01   5.3462700000000001887557e-03
  9.4235783952761607906723e+01   5.6993360000000001588938e-03
  9.4304321280657433135275e+01   5.8926350000000002338219e-03
  9.4372855560553261966561e+01   5.9565199999999998703437e-03
  9.4441392888449072984258e+01   5.9614990000000003117497e-03
  9.4509930216344912423665e+01   5.9242829999999998061289e-03
  9.4578464496240741254951e+01   5.8666170000000001857887e-03
  9.4647001824136552272648e+01   5.7710030000000002436966e-03
  9.4715536104032381103934e+01   5.6442120000000000137885e-03
  9.4784073431928192121632e+01   5.4920289999999998345470e-03
  9.4852610759824031561038e+01   5.3013369999999997161932e-03
  9.4921145039719860392324e+01   5.0852939999999997519597e-03
  9.4989682367615671410022e+01   4.8428419999999999800977e-03
  9.5058216647511500241308e+01   4.5707730000000001968630e-03
  9.5126753975407325469860e+01   4.2792100000000003051648e-03
  9.5195291303303150698412e+01   3.9809509999999999341203e-03
  9.5263825583198979529698e+01   3.7010879999999999473426e-03
  9.5332362911094804758250e+01   3.4827030000000001874749e-03
  9.5400897190990633589536e+01   3.3126549999999998531719e-03
  9.5469434518886444607233e+01   3.1995859999999999231934e-03
  9.5537971846782284046640e+01   3.1414709999999998468745e-03
  9.5606506126678112877926e+01   3.1184279999999999118121e-03
  9.5675043454573923895623e+01   3.1171219999999999483720e-03
  9.5743577734469752726909e+01   3.1448900000000000118372e-03
  9.5812115062365577955461e+01   3.2129950000000001737732e-03
  9.5880652390261403184013e+01   3.3207359999999999135289e-03
  9.5949186670157232015299e+01   3.5054069999999998806517e-03
  9.6017723998053057243851e+01   3.7734420000000001155227e-03
  9.6086258277948886075137e+01   4.1118669999999999525864e-03
  9.6154795605844697092834e+01   4.5246879999999998003823e-03
  9.6223332933740536532241e+01   4.9588139999999997567515e-03
  9.6291867213636365363527e+01   5.3623730000000001394422e-03
  9.6360404541532176381224e+01   5.6347120000000000539231e-03
  9.6428938821428005212510e+01   5.8001140000000003110747e-03
  9.6497476149323830441062e+01   5.8737770000000001646701e-03
  9.6566013477219655669614e+01   5.8749609999999997250741e-03
  9.6634547757115484500900e+01   5.8382290000000003349356e-03
  9.6703085085011309729452e+01   5.7859479999999999591531e-03
  9.6771619364907138560739e+01   5.6898249999999999174105e-03
  9.6840156692802949578436e+01   5.5660919999999999147056e-03
  9.6908694020698789017843e+01   5.4202920000000001654605e-03
  9.6977228300594617849129e+01   5.2480519999999995783835e-03
  9.7045765628490428866826e+01   5.0604040000000001173208e-03
  9.7114299908386257698112e+01   4.8837940000000003293312e-03
  9.7182837236282097137519e+01   4.7202219999999996125073e-03
  9.7251374564177908155216e+01   4.6032510000000000441323e-03
  9.7319908844073736986502e+01   4.5281710000000001056786e-03
  9.7388446171969548004199e+01   4.4769780000000003808425e-03
  9.7456980451865376835485e+01   4.4528730000000004210503e-03
  9.7525517779761216274892e+01   4.4422649999999999290146e-03
  9.7594055107657027292589e+01   4.4561169999999998905804e-03
  9.7662589387552856123875e+01   4.4907419999999998241891e-03
  9.7731126715448681352427e+01   4.5445829999999996090532e-03
  9.7799660995344510183713e+01   4.6291409999999998114983e-03
  9.7868198323240335412265e+01   4.7284759999999996862852e-03
  9.7936735651136160640817e+01   4.8222330000000004218697e-03
  9.8005269931031989472103e+01   4.9054470000000002793961e-03
  9.8073807258927800489801e+01   4.9489560000000000147824e-03
  9.8142341538823629321087e+01   4.9625640000000000376379e-03
  9.8210878866719468760493e+01   4.9523479999999996462035e-03
  9.8279416194615279778191e+01   4.9247689999999998480829e-03
  9.8347950474511108609477e+01   4.8943169999999995914419e-03
  9.8416487802406933838029e+01   4.8549630000000003338112e-03
  9.8485022082302762669315e+01   4.8131099999999997843259e-03
  9.8553559410198587897867e+01   4.7737190000000000525415e-03
  9.8622096738094413126419e+01   4.7398559999999997568998e-03
  9.8690631017990241957705e+01   4.7204409999999996996878e-03
  9.8759168345886052975402e+01   4.7057219999999998563678e-03
  9.8827702625781881806688e+01   4.7156949999999997827360e-03
  9.8896239953677721246095e+01   4.7363220000000002748997e-03
  9.8964777281573532263792e+01   4.7815899999999996253242e-03
  9.9033311561469361095078e+01   4.8396580000000001542393e-03
  9.9101848889365186323630e+01   4.9094849999999998907407e-03
  9.9170383169261015154916e+01   4.9819640000000001839320e-03
  9.9238920497156840383468e+01   5.0315259999999997070352e-03
  9.9307457825052665612020e+01   5.0622000000000002065126e-03
  9.9375992104948494443306e+01   5.0648949999999998139444e-03
  9.9444529432844305461003e+01   5.0443500000000003960499e-03
  9.9513063712740134292289e+01   5.0148399999999995757527e-03
  9.9581601040635973731696e+01   4.9659520000000000397589e-03
  9.9650138368531784749393e+01   4.9039529999999999579363e-03
  9.9718672648427613580679e+01   4.8252510000000000192633e-03
  9.9787209976323424598377e+01   4.7333239999999996913682e-03
  9.9855744256219253429663e+01   4.6305859999999999035425e-03
  9.9924281584115092869069e+01   4.5226219999999995799445e-03
  9.9992818912010903886767e+01   4.4193269999999998040585e-03
  1.0006135319190673271805e+02   4.3404560000000003486265e-03
  1.0012989051980255794660e+02   4.2910550000000002163203e-03
  1.0019842479969838677789e+02   4.2597449999999996775313e-03
  1.0026696212759421200644e+02   4.2598139999999997881708e-03
  1.0033549945549003723499e+02   4.2918899999999995942268e-03
  1.0040403373538586606628e+02   4.3605249999999996443623e-03
  1.0047257106328167708398e+02   4.4775730000000003167004e-03
  1.0054110534317750591526e+02   4.6468569999999998973439e-03
  1.0060964267107334535467e+02   4.8760990000000000582636e-03
  1.0067817999896915637237e+02   5.1611260000000002551301e-03
  1.0074671427886498520365e+02   5.4566670000000001145013e-03
  1.0081525160676081043221e+02   5.7230789999999998399205e-03
  1.0088378588665663926349e+02   5.8959889999999999174451e-03
  1.0095232321455246449204e+02   5.9722050000000003952549e-03
  1.0102086054244828972060e+02   5.9855969999999996192241e-03
  1.0108939482234411855188e+02   5.9561240000000001404423e-03
  1.0115793215023992956958e+02   5.8969709999999999835985e-03
  1.0122646643013575840087e+02   5.8120760000000002212794e-03
  1.0129500375803159784027e+02   5.6964329999999998785376e-03
  1.0136354108592740885797e+02   5.5479539999999999064229e-03
  1.0143207536582323768926e+02   5.3745959999999997139253e-03
  1.0150061269371906291781e+02   5.1777569999999998456852e-03
  1.0156914697361489174909e+02   4.9537519999999996347939e-03
  1.0163768430151071697765e+02   4.7100420000000002215823e-03
  1.0170622162940654220620e+02   4.4488009999999996238462e-03
  1.0177475590930237103748e+02   4.1783239999999997535407e-03
  1.0184329323719818205518e+02   3.9067470000000003443885e-03
  1.0191182751709401088647e+02   3.6405589999999998090940e-03
  1.0198036484498985032587e+02   3.3850560000000000024367e-03
  1.0204890217288566134357e+02   3.1416809999999999007680e-03
  1.0211743645278149017486e+02   2.9101330000000000773619e-03
  1.0218597378067732961426e+02   2.6884819999999998510476e-03
  1.0225450806057313002384e+02   2.4733200000000002058420e-03
  1.0232304538846896946325e+02   2.2626519999999999792351e-03
  1.0239158271636478048094e+02   2.0543900000000001222766e-03
  1.0246011699626060931223e+02   1.8474879999999999947990e-03
  1.0252865432415644875164e+02   1.6411069999999999390744e-03
  1.0259718860405226337207e+02   1.4345280000000000183991e-03
  1.0266572593194808860062e+02   1.2270079999999999181837e-03
  1.0273426325984391382917e+02   1.0178130000000000076471e-03
  1.0280279753973974266046e+02   8.0624099999999996723349e-04
  1.0287133486763556788901e+02   5.9321899999999997288996e-04
  1.0293986914753138250944e+02   3.7621799999999999512823e-04
  1.0300840647542722194885e+02   1.5330699999999998755368e-04
  1.0307694380332303296655e+02  -7.8650000000000000834922e-05
  1.0314547808321886179783e+02  -3.1995599999999998390779e-04
  1.0321401541111470123724e+02  -5.7048799999999996301198e-04
  1.0328254969101053006852e+02  -8.2683400000000003247924e-04
  1.0335108701890634108622e+02  -1.0963990000000000714364e-03
  1.0341962434680216631477e+02  -1.3769500000000000489164e-03
  1.0348815862669799514606e+02  -1.6415950000000000333356e-03
  1.0355669595459382037461e+02  -1.9029990000000000533592e-03
  1.0362523023448964920590e+02  -2.0851799999999998461164e-03
  1.0369376756238547443445e+02  -2.1974260000000001534504e-03
  1.0376230489028128545215e+02  -2.2705889999999999406821e-03
  1.0383083917017711428343e+02  -2.3129470000000000931561e-03
  1.0389937649807295372284e+02  -2.3155279999999998571947e-03
  1.0396791077796878255413e+02  -2.2899840000000001166702e-03
  1.0403644810586459357182e+02  -2.2424229999999998989846e-03
  1.0410498543376041880038e+02  -2.1846510000000001275322e-03
  1.0417351971365624763166e+02  -2.0975249999999998236355e-03
  1.0424205704155207286021e+02  -1.9678980000000000430416e-03
  1.0431059132144790169150e+02  -1.8038180000000000012539e-03
  1.0437912864934372692005e+02  -1.6202449999999999751682e-03
  1.0444766597723953793775e+02  -1.4112799999999999997491e-03
  1.0451620025713536676903e+02  -1.2119489999999999256530e-03
  1.0458473758503120620844e+02  -1.0433160000000000783987e-03
  1.0465327186492703503973e+02  -8.8602999999999999900663e-04
  1.0472180919282284605742e+02  -7.7466299999999997921013e-04
  1.0479034652071865707512e+02  -7.2477999999999995553446e-04
  1.0485888080061448590641e+02  -7.0259000000000000705352e-04
  1.0492741812851032534581e+02  -6.9792599999999997174849e-04
  1.0499595240840615417710e+02  -7.0716300000000001900469e-04
  1.0506448973630196519480e+02  -7.3251299999999995755939e-04
  1.0513302706419779042335e+02  -7.7537000000000005223155e-04
  1.0520156134409361925464e+02  -8.3143699999999997468647e-04
  1.0527009867198944448319e+02  -9.0461000000000002779083e-04
  1.0533863295188527331447e+02  -1.0014670000000000255752e-03
  1.0540717027978109854303e+02  -1.1158270000000000080759e-03
  1.0547570760767690956072e+02  -1.2353889999999999316227e-03
  1.0554424188757273839201e+02  -1.3691750000000000361128e-03
  1.0561277921546857783142e+02  -1.5091600000000000587203e-03
  1.0568131349536440666270e+02  -1.6408419999999999949747e-03
  1.0574985082326021768040e+02  -1.7655850000000000710187e-03
  1.0581838815115604290895e+02  -1.8846710000000000892473e-03
  1.0588692243105187174024e+02  -1.9786589999999997999125e-03
  1.0595545975894769696879e+02  -2.0546159999999999944131e-03
  1.0602399403884352580008e+02  -2.1226809999999999602205e-03
  1.0609253136673935102863e+02  -2.1841700000000000350675e-03
  1.0616106869463516204632e+02  -2.2388289999999999059510e-03
  1.0622960297453099087761e+02  -2.2920459999999998404463e-03
  1.0629814030242683031702e+02  -2.3460379999999999428573e-03
  1.0636667458232265914830e+02  -2.3989179999999998837978e-03
  1.0643521191021847016600e+02  -2.4567619999999999215456e-03
  1.0650374923811429539455e+02  -2.5216620000000000353935e-03
  1.0657228351801012422584e+02  -2.5946070000000000764506e-03
  1.0664082084590594945439e+02  -2.6700389999999999193769e-03
  1.0670935512580177828568e+02  -2.7571860000000000118225e-03
  1.0677789245369760351423e+02  -2.8650250000000002104095e-03
  1.0684642978159341453193e+02  -2.9869749999999997865097e-03
  1.0691496406148924336321e+02  -3.1117599999999998733324e-03
  1.0698350138938508280262e+02  -3.2525580000000000116533e-03
  1.0705203566928091163390e+02  -3.3922819999999999363016e-03
  1.0712057299717672265160e+02  -3.5169780000000000312610e-03
  1.0718911032507253366930e+02  -3.6436440000000001361580e-03
  1.0725764460496836250059e+02  -3.7292259999999999818543e-03
  1.0732618193286420193999e+02  -3.7641049999999997947853e-03
  1.0739471621276003077128e+02  -3.7746039999999999800528e-03
  1.0746325354065584178898e+02  -3.7713790000000000507407e-03
  1.0753179086855168122838e+02  -3.7503369999999998547768e-03
  1.0760032514844749584881e+02  -3.7132129999999999303562e-03
  1.0766886247634332107737e+02  -3.6595980000000000176286e-03
  1.0773739675623914990865e+02  -3.6008609999999999055909e-03
  1.0780593408413497513720e+02  -3.5314669999999999394635e-03
  1.0787447141203080036576e+02  -3.4510040000000001374214e-03
  1.0794300569192661498619e+02  -3.3758040000000000442626e-03
  1.0801154301982245442559e+02  -3.3038460000000000396647e-03
  1.0808007729971828325688e+02  -3.2280859999999998027898e-03
  1.0814861462761409427458e+02  -3.1818269999999999192442e-03
  1.0821715195550993371398e+02  -3.1581170000000002157092e-03
  1.0828568623540574833441e+02  -3.1462130000000001345262e-03
  1.0835422356330157356297e+02  -3.1416000000000000348666e-03
  1.0842275784319740239425e+02  -3.1455430000000002103977e-03
  1.0849129517109322762280e+02  -3.1584270000000001094032e-03
  1.0855983249898905285136e+02  -3.1737050000000001891143e-03
  1.0862836677888488168264e+02  -3.1894990000000001534319e-03
  1.0869690410678070691120e+02  -3.2098719999999998989115e-03
  1.0876543838667653574248e+02  -3.2236790000000001277236e-03
  1.0883397571457234676018e+02  -3.2263919999999998017293e-03
  1.0890251304246818619959e+02  -3.2172099999999998615197e-03
  1.0897104732236401503087e+02  -3.1969260000000001079035e-03
  1.0903958465025982604857e+02  -3.1581470000000000375451e-03
  1.0910811893015565487985e+02  -3.0936819999999999424023e-03
  1.0917665625805148010841e+02  -2.9951949999999999754707e-03
  1.0924519358594730533696e+02  -2.8646729999999998722560e-03
  1.0931372786584313416824e+02  -2.7177699999999999948275e-03
  1.0938226519373895939680e+02  -2.5236239999999999193692e-03
  1.0945079947363478822808e+02  -2.2840230000000000427918e-03
  1.0951933680153059924578e+02  -2.0107960000000000243270e-03
  1.0958787412942643868519e+02  -1.7390140000000000979063e-03
  1.0965640840932226751647e+02  -1.4580960000000000881953e-03
  1.0972494573721807853417e+02  -1.1786039999999999797892e-03
  1.0979348001711390736546e+02  -9.8863300000000004646994e-04
  1.0986201734500971838315e+02  -8.6672099999999998448663e-04
  1.0993055467290555782256e+02  -7.8555100000000000100286e-04
  1.0999908895280138665385e+02  -7.5145500000000004826861e-04
  1.1006762628069719767154e+02  -7.4977699999999997387129e-04
  1.1013616056059302650283e+02  -7.6836400000000000445194e-04
  1.1020469788848885173138e+02  -7.9544200000000004572437e-04
  1.1027323521638467695993e+02  -8.3342099999999998821698e-04
  1.1034176949628050579122e+02  -8.9616800000000002967421e-04
  1.1041030682417633101977e+02  -9.9063899999999997271483e-04
  1.1047884110407215985106e+02  -1.1011980000000000639443e-03
  1.1054737843196797086875e+02  -1.2289709999999999263248e-03
  1.1061591575986381030816e+02  -1.3921179999999999145344e-03
  1.1068445003975963913945e+02  -1.6178810000000000499792e-03
  1.1075298736765545015714e+02  -1.8687630000000000646959e-03
  1.1082152164755127898843e+02  -2.1269530000000000033444e-03
  1.1089005897544710421698e+02  -2.4308590000000000579117e-03
  1.1095859630334292944553e+02  -2.7334030000000001346672e-03
  1.1102713058323875827682e+02  -3.0132850000000000953437e-03
  1.1109566791113458350537e+02  -3.2969489999999999733926e-03
  1.1116420219103041233666e+02  -3.5103679999999998218030e-03
  1.1123273951892622335436e+02  -3.6523609999999998021458e-03
  1.1130127684682206279376e+02  -3.7521640000000001068103e-03
  1.1136981112671789162505e+02  -3.8193799999999998237565e-03
  1.1143834845461370264275e+02  -3.8379450000000001584632e-03
  1.1150688273450953147403e+02  -3.8178729999999998397098e-03
  1.1157542006240535670258e+02  -3.7705859999999998162512e-03
  1.1164395739030118193114e+02  -3.7182759999999999596387e-03
  1.1171249167019701076242e+02  -3.6176810000000001951714e-03
  1.1178102899809283599097e+02  -3.4675510000000001400999e-03
  1.1184956327798866482226e+02  -3.2722760000000001776033e-03
  1.1191810060588447583996e+02  -3.0706850000000000810996e-03
  1.1198663793378031527936e+02  -2.8406289999999998971414e-03
  1.1205517221367614411065e+02  -2.5677519999999999684992e-03
  1.1212370954157195512835e+02  -2.2967550000000001506062e-03
  1.1219224382146778395963e+02  -2.0224219999999998483020e-03
  1.1226078114936359497733e+02  -1.7636150000000000610811e-03
  1.1232931847725943441674e+02  -1.5579890000000000752078e-03
  1.1239785275715526324802e+02  -1.4092889999999999844221e-03
  1.1246639008505107426572e+02  -1.2812319999999999872026e-03
  1.1253492436494690309701e+02  -1.1980730000000000198823e-03
  1.1260346169284272832556e+02  -1.1391559999999998926273e-03
  1.1267199902073855355411e+02  -1.1037090000000000268587e-03
  1.1274053330063438238540e+02  -1.0785650000000000792166e-03
  1.1280907062853020761395e+02  -1.0655829999999999382204e-03
  1.1287760490842603644523e+02  -1.0602549999999999648381e-03
  1.1294614223632184746293e+02  -1.0597490000000000208435e-03
  1.1301467956421768690234e+02  -1.0607819999999999142221e-03
  1.1308321384411351573362e+02  -1.0638209999999999506859e-03
  1.1315175117200932675132e+02  -1.0702660000000000558446e-03
  1.1322028545190515558261e+02  -1.0815410000000000995124e-03
  1.1328882277980098081116e+02  -1.0948909999999999632242e-03
  1.1335736010769680603971e+02  -1.1113749999999999497347e-03
  1.1342589438759263487100e+02  -1.1338190000000001027985e-03
  1.1349443171548846009955e+02  -1.1666569999999999805024e-03
  1.1356296599538428893084e+02  -1.2049630000000000843580e-03
  1.1363150332328009994853e+02  -1.2478710000000000062553e-03
  1.1370004065117593938794e+02  -1.3037369999999999081036e-03
  1.1376857493107176821923e+02  -1.3719649999999999467198e-03
  1.1383711225896757923692e+02  -1.4456720000000000594248e-03
  1.1390564653886340806821e+02  -1.5264110000000000871845e-03
  1.1397418386675924750762e+02  -1.6098690000000001002617e-03
  1.1404272119465505852531e+02  -1.6864099999999999490025e-03
  1.1411125547455088735660e+02  -1.7520269999999999680634e-03
  1.1417979280244671258515e+02  -1.8089289999999999189462e-03
  1.1424832708234254141644e+02  -1.8431960000000000704512e-03
  1.1431686441023836664499e+02  -1.8598370000000000352991e-03
  1.1438540173813419187354e+02  -1.8656059999999999050174e-03
  1.1445393601803002070483e+02  -1.8640589999999999416824e-03
  1.1452247334592583172252e+02  -1.8504100000000000322137e-03
  1.1459100762582166055381e+02  -1.8272229999999999982413e-03
  1.1465954495371749999322e+02  -1.7953489999999999032765e-03
  1.1472808228161331101091e+02  -1.7604199999999999536049e-03
  1.1479661656150913984220e+02  -1.7122240000000000376135e-03
  1.1486515388940495085990e+02  -1.6534209999999999705922e-03
  1.1493368816930077969118e+02  -1.5855400000000000829831e-03
  1.1500222549719661913059e+02  -1.5166509999999999366849e-03
  1.1507076282509243014829e+02  -1.4390670000000000371132e-03
  1.1513929710498825897957e+02  -1.3601570000000000760371e-03
  1.1520783443288408420813e+02  -1.2871040000000000692176e-03
  1.1527636871277991303941e+02  -1.2139930000000000165361e-03
  1.1534490604067573826796e+02  -1.1511489999999999656738e-03
  1.1541344336857156349652e+02  -1.0950300000000000918282e-03
  1.1548197764846739232780e+02  -1.0506490000000000707009e-03
  1.1555051497636320334550e+02  -1.0113839999999999375718e-03
  1.1561904925625903217679e+02  -9.8098000000000000302147e-04
  1.1568758658415487161619e+02  -9.5579400000000004460066e-04
  1.1575612391205068263389e+02  -9.3457999999999995938138e-04
  1.1582465819194651146518e+02  -9.1452799999999995553268e-04
  1.1589319551984233669373e+02  -8.9653499999999995348499e-04
  1.1596172979973816552501e+02  -8.8004200000000004210782e-04
  1.1603026712763399075357e+02  -8.6465999999999995119515e-04
  1.1609880445552981598212e+02  -8.4958400000000001625611e-04
  1.1616733873542564481340e+02  -8.3492699999999995651850e-04
  1.1623587606332145583110e+02  -8.2041899999999996599687e-04
  1.1630441034321728466239e+02  -8.0545599999999996712607e-04
  1.1637294767111312410179e+02  -7.9021300000000000481742e-04
  1.1644148499900893511949e+02  -7.7475299999999998681877e-04
  1.1651001927890476395078e+02  -7.6001900000000001574041e-04
  1.1657855660680058917933e+02  -7.4699900000000003536665e-04
  1.1664709088669641801062e+02  -7.3547300000000005119200e-04
  1.1671562821459224323917e+02  -7.2598200000000001619327e-04
  1.1678416554248806846772e+02  -7.1945099999999996640693e-04
  1.1685269982238389729901e+02  -7.1560600000000003286654e-04
  1.1692123715027970831670e+02  -7.1332299999999997357908e-04
  1.1698977143017553714799e+02  -7.1233199999999998255906e-04
  1.1705830875807137658740e+02  -7.1360200000000002969192e-04
  1.1712684608596718760509e+02  -7.1653500000000002346373e-04
  1.1719538036586301643638e+02  -7.2114499999999996746741e-04
  1.1726391769375882745408e+02  -7.2709900000000003954942e-04
  1.1733245197365465628536e+02  -7.3477500000000001145750e-04
  1.1740098930155049572477e+02  -7.4307300000000001908435e-04
  1.1746952662944630674247e+02  -7.5064399999999996404565e-04
  1.1753806090934213557375e+02  -7.5760699999999998530131e-04
  1.1760659823723796080230e+02  -7.6248799999999996787614e-04
  1.1767513251713378963359e+02  -7.6496099999999998299283e-04
  1.1774366984502961486214e+02  -7.6510200000000003466710e-04
  1.1781220717292544009069e+02  -7.6372400000000002177197e-04
  1.1788074145282126892198e+02  -7.5979400000000005092893e-04
  1.1794927878071707993968e+02  -7.5341600000000002491929e-04
  1.1801781306061290877096e+02  -7.4393699999999996202299e-04
  1.1808635038850874821037e+02  -7.3293100000000003385603e-04
  1.1815488771640455922807e+02  -7.1728799999999995340438e-04
  1.1822342199630038805935e+02  -6.9868800000000004339629e-04
  1.1829195932419621328791e+02  -6.7654200000000002876432e-04
  1.1836049360409204211919e+02  -6.5396699999999998147854e-04
  1.1842903093198786734774e+02  -6.2872100000000005412537e-04
  1.1849756825988369257630e+02  -6.0257799999999998950134e-04
  1.1856610253977952140758e+02  -5.7766000000000002241596e-04
  1.1863463986767533242528e+02  -5.5318100000000002859635e-04
  1.1870317414757116125656e+02  -5.3071699999999999430855e-04
  1.1877171147546700069597e+02  -5.1177999999999998232553e-04
  1.1884024880336281171367e+02  -4.9650499999999994985012e-04
  1.1890878308325864054495e+02  -4.8245299999999998342287e-04
  1.1897732041115447998436e+02  -4.7082400000000000379191e-04
  1.1904585469105029460479e+02  -4.6117999999999999922659e-04
  1.1911439201894611983334e+02  -4.5265300000000001801742e-04
  1.1918292934684194506190e+02  -4.4448499999999999728745e-04
  1.1925146362673777389318e+02  -4.3776900000000001618797e-04
  1.1932000095463359912173e+02  -4.3216800000000002695416e-04
  1.1938853523452941374217e+02  -4.2736999999999999598141e-04
  1.1945707256242525318157e+02  -4.2299200000000001858566e-04
  1.1952560989032106419927e+02  -4.1912600000000002544581e-04
  1.1959414417021689303056e+02  -4.1584000000000000303590e-04
  1.1966268149811273246996e+02  -4.1302100000000001528769e-04
  1.1973121577800853287954e+02  -4.1050299999999999636668e-04
  1.1979975310590437231895e+02  -4.0829899999999998833067e-04
  1.1986829043380018333664e+02  -4.0650000000000001453351e-04
  1.1993682471369601216793e+02  -4.0492300000000001252223e-04
  1.2000536204159185160734e+02  -4.0347700000000001315306e-04
  1.2007389632148768043862e+02  -4.0214800000000001283310e-04
  1.2014243364938349145632e+02  -4.0080600000000002466546e-04
  1.2021097097727931668487e+02  -3.9928199999999998979008e-04
  1.2027950525717514551616e+02  -3.9749600000000000384059e-04
  1.2034804258507097074471e+02  -3.9547500000000000404746e-04
  1.2041657686496679957600e+02  -3.9274399999999999241740e-04
  1.2048511419286262480455e+02  -3.8942900000000000128655e-04
  1.2055365152075843582224e+02  -3.8534700000000002241204e-04
  1.2062218580065426465353e+02  -3.8070299999999997675112e-04
  1.2069072312855010409294e+02  -3.7527799999999999396375e-04
  1.2075925740844593292422e+02  -3.6925800000000002110828e-04
  1.2082779473634174394192e+02  -3.6324200000000000281355e-04
  1.2089633206423756917047e+02  -3.5742499999999997363498e-04
  1.2096486634413339800176e+02  -3.5167199999999997636971e-04
  1.2103340367202922323031e+02  -3.4730200000000001651565e-04
  1.2110193795192505206160e+02  -3.4441099999999997931244e-04
  1.2117047527982087729015e+02  -3.4230499999999999642675e-04
  1.2123901260771668830785e+02  -3.4136099999999998649142e-04
  1.2130754688761251713913e+02  -3.4094399999999998015013e-04
  1.2137608421550835657854e+02  -3.4110400000000000572328e-04
  1.2144461849540418540983e+02  -3.4155799999999999832720e-04
  1.2151315582329999642752e+02  -3.4237599999999997592640e-04
  1.2158169315119582165607e+02  -3.4343500000000000763056e-04
  1.2165022743109165048736e+02  -3.4461700000000002443515e-04
  1.2171876475898747571591e+02  -3.4579000000000000795281e-04
  1.2178729903888330454720e+02  -3.4687599999999997688743e-04
  1.2185583636677912977575e+02  -3.4784600000000001672820e-04
  1.2192437369467494079345e+02  -3.4854800000000001102343e-04
  1.2199290797457076962473e+02  -3.4912300000000001144740e-04
  1.2206144530246660906414e+02  -3.4954400000000002655953e-04
  1.2212997958236243789543e+02  -3.5009100000000001979769e-04
  1.2219851691025824891312e+02  -3.5094199999999997488867e-04
  1.2226705423815405993082e+02  -3.5205099999999998070313e-04
  1.2233558851804988876211e+02  -3.5362499999999998968880e-04
  1.2240412584594572820151e+02  -3.5590699999999997902092e-04
  1.2247266012584155703280e+02  -3.5892200000000001706979e-04
  1.2254119745373736805050e+02  -3.6240200000000000407976e-04
  1.2260973478163319327905e+02  -3.6647399999999998813222e-04
  1.2267826906152902211034e+02  -3.7138900000000001815417e-04
  1.2274680638942484733889e+02  -3.7670400000000000368880e-04
  1.2281534066932067617017e+02  -3.8225299999999998732184e-04
  1.2288387799721650139873e+02  -3.8817399999999997349184e-04
  1.2295241532511231241642e+02  -3.9342499999999998132327e-04
  1.2302094960500814124771e+02  -3.9751300000000000045910e-04
  1.2308948693290398068712e+02  -4.0049999999999997711206e-04
  1.2315802121279980951840e+02  -4.0252099999999997690520e-04
  1.2322655854069562053610e+02  -4.0323099999999998874212e-04
  1.2329509586859144576465e+02  -4.0302200000000000480391e-04
  1.2336363014848727459594e+02  -4.0192599999999998683711e-04
  1.2343216747638309982449e+02  -4.0011899999999999549827e-04
  1.2350070175627892865577e+02  -3.9752500000000002677164e-04
  1.2356923908417475388433e+02  -3.9418500000000002148060e-04
  1.2363777641207056490202e+02  -3.9022900000000002073211e-04
  1.2370631069196639373331e+02  -3.8596600000000001089509e-04
  1.2377484801986223317272e+02  -3.8069200000000002039394e-04
  1.2384338229975806200400e+02  -3.7628100000000001129630e-04
  1.2391191962765387302170e+02  -3.7250299999999999427461e-04
  1.2398045695554969825025e+02  -3.6912000000000001666972e-04
  1.2404899123544552708154e+02  -3.6730200000000001476358e-04
  1.2411752856334135231009e+02  -3.6640300000000000863257e-04
  1.2418606284323718114138e+02  -3.6656900000000002025694e-04
  1.2425460017113300636993e+02  -3.6760999999999998538724e-04
  1.2432313749902883159848e+02  -3.6991999999999998190517e-04
  1.2439167177892464621891e+02  -3.7349300000000002375949e-04
  1.2446020910682048565832e+02  -3.7838800000000000992723e-04
  1.2452874338671631448960e+02  -3.8431700000000001363892e-04
  1.2459728071461212550730e+02  -3.9171799999999999241512e-04
  1.2466581804250796494671e+02  -4.0111100000000000226352e-04
  1.2473435232240376535628e+02  -4.1136699999999999351544e-04
  1.2480288965029960479569e+02  -4.2180100000000002270426e-04
  1.2487142393019543362698e+02  -4.3205300000000000518532e-04
  1.2493996125809124464467e+02  -4.4081500000000000023814e-04
  1.2500849858598708408408e+02  -4.4806099999999997795727e-04
  1.2507703286588289870451e+02  -4.5401499999999999582917e-04
  1.2514557019377872393306e+02  -4.5822400000000002278505e-04
  1.2521410447367455276435e+02  -4.6043599999999999415265e-04
  1.2528264180157037799290e+02  -4.6148299999999999954428e-04
  1.2535117912946620322145e+02  -4.6165600000000001296510e-04
  1.2541971340936203205274e+02  -4.6082900000000000207898e-04
  1.2548825073725785728129e+02  -4.5904000000000002310388e-04
  1.2555678501715368611258e+02  -4.5668199999999997554592e-04
  1.2562532234504949713028e+02  -4.5412399999999997733668e-04
  1.2569385967294533656968e+02  -4.5165299999999999371048e-04
  1.2576239395284116540097e+02  -4.4920900000000000152484e-04
  1.2583093128073697641867e+02  -4.4746999999999999666003e-04
  1.2589946556063280524995e+02  -4.4638399999999997351530e-04
  1.2596800288852863047850e+02  -4.4595900000000000384243e-04
  1.2901600288389565207581e+02   0.0000000000000000000000e+00
  1.3206400287926271630567e+02   0.0000000000000000000000e+00
  1.4527040316718898793624e+02 0.00