  6.4385444867334115315316e+01 0.0
  7.5747582196863675108034e+01   0.0000000000000000000000e+00
  8.0319582189914228820271e+01   0.0000000000000000000000e+00
  8.0388119517810054048823e+01   0.0000000000000000000000e+00
  8.0456656845705879277375e+01   0.0000000000000000000000e+00
  8.0525191125601708108661e+01   0.0000000000000000000000e+00
  8.0593728453497533337213e+01   0.0000000000000000000000e+00
  8.0662262733393362168499e+01   0.0000000000000000000000e+00
  8.0730800061289173186196e+01   0.0000000000000000000000e+00
  8.0799337389185012625603e+01   1.0000000000000000622816e-09
  8.0867871669080841456889e+01   2.0000000000000001245632e-09
  8.0936408996976652474586e+01   2.9999999999999999800496e-09
  8.1004943276872481305872e+01   6.9999999999999998155857e-09
  8.1073480604768306534424e+01   1.4999999999999998659477e-08
  8.1142017932664131762976e+01   2.9999999999999997318954e-08
  8.1210552212559960594263e+01   5.9999999999999994637909e-08
  8.1279089540455785822815e+01   1.1999999999999998927582e-07
  8.1347623820351614654101e+01   2.2800000000000000344685e-07
  8.1416161148247425671798e+01   4.6499999999999999483974e-07
  8.1484698476143265111205e+01   9.6500000000000007809291e-07
  8.1553232756039093942491e+01   1.8759999999999999108723e-06
  8.1621770083934904960188e+01   3.6179999999999999188644e-06
  8.1690304363830733791474e+01   6.8179999999999997740583e-06
  8.1758841691726544809171e+01   1.2212999999999999789328e-05
  8.1827379019622384248578e+01   2.4153000000000000667801e-05
  8.1895913299518213079864e+01   4.4722999999999998540536e-05
  8.1964450627414024097561e+01   7.8541999999999994415065e-05
  8.2032984907309852928847e+01   1.3697700000000001346011e-04
  8.2101522235205678157399e+01   2.2904899999999999522446e-04
  8.2170059563101503385951e+01   3.7390900000000001435554e-04
  8.2238593842997332217237e+01   6.1936800000000002356521e-04
  8.2307131170893157445789e+01   9.4790599999999998730854e-04
  8.2375665450788986277075e+01   1.3934520000000001020007e-03
  8.2444202778684797294773e+01   1.9933189999999999068858e-03
  8.2512740106580636734179e+01   2.6625659999999998911457e-03
  8.2581274386476465565465e+01   3.2544269999999998407847e-03
  8.2649811714372276583163e+01   3.6790109999999998265097e-03
  8.2718345994268105414449e+01   3.9793040000000003478253e-03
  8.2786883322163930643001e+01   4.1216239999999999474301e-03
  8.2855420650059755871553e+01   4.1561549999999999188693e-03
  8.2923954929955584702839e+01   4.1414490000000001718172e-03
  8.2992492257851409931391e+01   4.0546990000000001502789e-03
  8.3061026537747238762677e+01   3.9217540000000003855285e-03
  8.3129563865643049780374e+01   3.7430060000000001108056e-03
  8.3198101193538889219781e+01   3.5054000000000000956957e-03
  8.3266635473434718051067e+01   3.2273589999999999569646e-03
  8.3335172801330529068764e+01   2.9260699999999997995836e-03
  8.3403707081226357900050e+01   2.6326219999999998268303e-03
  8.3472244409122183128602e+01   2.3667380000000001749605e-03
  8.3540781737018008357154e+01   2.1323860000000000036735e-03
  8.3609316016913837188440e+01   1.9518929999999999006649e-03
  8.3677853344809662416992e+01   1.8117350000000000814770e-03
  8.3746387624705491248278e+01   1.7167770000000000599205e-03
  8.3814924952601302265975e+01   1.6542919999999999153273e-03
  8.3883462280497141705382e+01   1.6115159999999999033971e-03
  8.3951996560392970536668e+01   1.5906489999999999691849e-03
  8.4020533888288781554365e+01   1.5890900000000000337474e-03
  8.4089068168184610385651e+01   1.5975180000000000282712e-03
  8.4157605496080421403349e+01   1.6311529999999999866050e-03
  8.4226142823976260842755e+01   1.6831450000000000404021e-03
  8.4294677103872089674041e+01   1.7583040000000000301073e-03
  8.4363214431767900691739e+01   1.8619549999999999902872e-03
  8.4431748711663729523025e+01   1.9828979999999998655447e-03
  8.4500286039559568962432e+01   2.1020669999999999980056e-03
  8.4568823367455379980129e+01   2.1886909999999999872078e-03
  8.4637357647351208811415e+01   2.2543500000000000170475e-03
  8.4705894975247034039967e+01   2.2951579999999998336901e-03
  8.4774429255142862871253e+01   2.3091180000000001946991e-03
  8.4842966583038688099805e+01   2.3086249999999999132916e-03
  8.4911503910934513328357e+01   2.2975470000000000440898e-03
  8.4980038190830342159643e+01   2.2766000000000001513012e-03
  8.5048575518726153177340e+01   2.2504849999999999854428e-03
  8.5117109798621982008626e+01   2.2186839999999998472580e-03
  8.5185647126517821448033e+01   2.1817859999999997949738e-03
  8.5254184454413632465730e+01   2.1458269999999998907392e-03
  8.5322718734309461297016e+01   2.1148830000000001273774e-03
  8.5391256062205286525568e+01   2.0899429999999999223170e-03
  8.5459790342101115356854e+01   2.0712439999999998629931e-03
  8.5528327669996940585406e+01   2.0598639999999997923785e-03
  8.5596864997892765813958e+01   2.0577180000000000470450e-03
  8.5665399277788594645244e+01   2.0618519999999998688900e-03
  8.5733936605684405662942e+01   2.0777750000000000211997e-03
  8.5802470885580234494228e+01   2.1010429999999999210736e-03
  8.5871008213476073933634e+01   2.1338039999999999958569e-03
  8.5939545541371884951332e+01   2.1775879999999998327953e-03
  8.6008079821267713782618e+01   2.2281950000000000887412e-03
  8.6076617149163539011170e+01   2.2789400000000001322853e-03
  8.6145151429059367842456e+01   2.3205560000000000943354e-03
  8.6213688756955193071008e+01   2.3555569999999998766216e-03
  8.6282226084851018299560e+01   2.3821730000000000161686e-03
  8.6350760364746847130846e+01   2.3994409999999999870413e-03
  8.6419297692642658148543e+01   2.4112199999999999432132e-03
  8.6487831972538486979829e+01   2.4189089999999999029690e-03
  8.6556369300434326419236e+01   2.4250069999999998571205e-03
  8.6624906628330137436933e+01   2.4302439999999998071489e-03
  8.6693440908225966268219e+01   2.4349609999999998095899e-03
  8.6761978236121777285916e+01   2.4399320000000001250340e-03
  8.6830512516017606117202e+01   2.4456799999999999893630e-03
  8.6899049843913445556609e+01   2.4534370000000001524332e-03
  8.6967587171809256574306e+01   2.4630810000000002112086e-03
  8.7036121451705085405592e+01   2.4749220000000000593832e-03
  8.7104658779600910634144e+01   2.4895569999999998811457e-03
  8.7173193059496739465430e+01   2.5074250000000001918632e-03
  8.7241730387392564693982e+01   2.5284349999999998839795e-03
  8.7310267715288389922534e+01   2.5509769999999998453533e-03
  8.7378801995184218753820e+01   2.5731590000000002099734e-03
  8.7447339323080029771518e+01   2.5948529999999998298110e-03
  8.7515873602975858602804e+01   2.6147209999999999723019e-03
  8.7584410930871698042210e+01   2.6322110000000001860110e-03
  8.7652948258767509059908e+01   2.6476999999999997932598e-03
  8.7721482538663337891194e+01   2.6620490000000000992142e-03
  8.7790019866559163119746e+01   2.6757239999999999843783e-03
  8.7858554146454991951032e+01   2.6887949999999999003975e-03
  8.7927091474350817179584e+01   2.7016100000000001224443e-03
  8.7995628802246642408136e+01   2.7145749999999998873512e-03
  8.8064163082142471239422e+01   2.7282220000000001990104e-03
  8.8132700410038282257119e+01   2.7426790000000000370461e-03
  8.8201234689934111088405e+01   2.7580799999999999934375e-03
  8.8269772017829950527812e+01   2.7746950000000001994305e-03
  8.8338309345725761545509e+01   2.7930469999999998909068e-03
  8.8406843625621590376795e+01   2.8128649999999998966571e-03
  8.8475380953517415605347e+01   2.8326269999999998880358e-03
  8.8543915233413244436633e+01   2.8507580000000001113625e-03
  8.8612452561309069665185e+01   2.8671230000000000673333e-03
  8.8680989889204894893737e+01   2.8809819999999998138551e-03
  8.8749524169100723725023e+01   2.8924179999999998988414e-03
  8.8818061496996534742721e+01   2.9026080000000000977400e-03
  8.8886595776892363574007e+01   2.9119770000000000549634e-03
  8.8955133104788203013413e+01   2.9200900000000001854872e-03
  8.9023670432684014031111e+01   2.9260710000000001405895e-03
  8.9092204712579842862397e+01   2.9286279999999999604232e-03
  8.9160742040475653880094e+01   2.9267770000000001978657e-03
  8.9229276320371482711380e+01   2.9186889999999999188718e-03
  8.9297813648267322150787e+01   2.9072859999999998113773e-03
  8.9366350976163133168484e+01   2.8919689999999998765434e-03
  8.9434885256058961999770e+01   2.8721179999999998933014e-03
  8.9503422583954801439177e+01   2.8464549999999999053968e-03
  8.9571956863850616059608e+01   2.8147580000000001036742e-03
  8.9640494191746441288160e+01   2.7761639999999998019986e-03
  8.9709031519642266516712e+01   2.7346070000000000099760e-03
  8.9777565799538095347998e+01   2.6911740000000001701852e-03
  8.9846103127433920576550e+01   2.6469419999999997845930e-03
  8.9914637407329735196981e+01   2.6055489999999999727043e-03
  8.9983174735225574636388e+01   2.5733980000000001783778e-03
  9.0051712063121385654085e+01   2.5474109999999998595055e-03
  9.0120246343017214485371e+01   2.5293350000000001769063e-03
  9.0188783670913053924778e+01   2.5194179999999998312288e-03
  9.0257317950808868545209e+01   2.5188469999999998395757e-03
  9.0325855278704693773761e+01   2.5325170000000001881146e-03
  9.0394392606600519002313e+01   2.5648089999999999256952e-03
  9.0462926886496347833599e+01   2.6172410000000001853437e-03
  9.0531464214392173062151e+01   2.6898090000000000367175e-03
  9.0599998494288001893437e+01   2.7885980000000002050620e-03
  9.0668535822183827121989e+01   2.9228810000000000034193e-03
  9.0737073150079638139687e+01   3.1035780000000000658500e-03
  9.0805607429975466970973e+01   3.3270600000000001734979e-03
  9.0874144757871306410379e+01   3.5579829999999998055293e-03
  9.0942679037767135241666e+01   3.7763440000000000548730e-03
  9.1011216365662946259363e+01   3.9666589999999999835434e-03
  9.1079753693558771487915e+01   4.0997780000000001027205e-03
  9.1148287973454600319201e+01   4.1750140000000003290270e-03
  9.1216825301350425547753e+01   4.2102739999999999609415e-03
  9.1285359581246254379039e+01   4.2253419999999999867590e-03
  9.1353896909142079607591e+01   4.2178989999999997803637e-03
  9.1422434237037890625288e+01   4.1928829999999996797078e-03
  9.1490968516933719456574e+01   4.1454769999999998425499e-03
  9.1559505844829558895981e+01   4.0719299999999996469979e-03
  9.1628040124725387727267e+01   3.9760469999999999146656e-03
  9.1696577452621198744964e+01   3.8610910000000000889819e-03
  9.1765114780517009762661e+01   3.7264030000000000937554e-03
  9.1833649060412838593948e+01   3.5772099999999999384026e-03
  9.1902186388308678033354e+01   3.4326220000000001904283e-03
  9.1970720668204506864640e+01   3.3209659999999998486464e-03
  9.2039257996100317882338e+01   3.2378640000000000198632e-03
  9.2107795323996143110890e+01   3.1802589999999999505198e-03
  9.2176329603891971942176e+01   3.1517120000000000898388e-03
  9.2244866931787797170728e+01   3.1559389999999999665281e-03
  9.2313401211683626002014e+01   3.1959110000000000642584e-03
  9.2381938539579451230566e+01   3.2893860000000000459730e-03
  9.2450475867475262248263e+01   3.4309399999999999446298e-03
  9.2519010147371091079549e+01   3.6384379999999999152904e-03
  9.2587547475266930518956e+01   3.9189300000000001564238e-03
  9.2656081755162759350242e+01   4.2712940000000001322666e-03
  9.2724619083058570367939e+01   4.6257420000000003951213e-03
  9.2793156410954395596491e+01   4.8769210000000002072640e-03
  9.2861690690850224427777e+01   5.0671129999999998255733e-03
  9.2930228018746049656329e+01   5.1856949999999997144573e-03
  9.2998762298641878487615e+01   5.2348239999999999008673e-03
  9.3067299626537703716167e+01   5.2313969999999996099427e-03
  9.3135836954433514733864e+01   5.1951599999999998821809e-03
  9.3204371234329343565150e+01   5.1357529999999998460147e-03
  9.3272908562225183004557e+01   5.0521940000000003026526e-03
  9.3341442842121011835843e+01   4.9407599999999997700262e-03
  9.3409980170016822853540e+01   4.7975880000000001995852e-03
  9.3478517497912648082092e+01   4.6194000000000000685785e-03
  9.3547051777808476913378e+01   4.4254890000000003322245e-03
  9.3615589105704302141930e+01   4.2231750000000000191958e-03
  9.3684123385600130973216e+01   4.0121339999999996658864e-03
  9.3752660713495956201768e+01   3.7932920000000001914398e-03
  9.3821198041391767219466e+01   3.5678580000000001404281e-03
  9.3889732321287596050752e+01   3.3388540000000000405878e-03
  9.3958269649183435490158e+01   3.1094690000000001217639e-03
  9.4026803929079264321444e+01   2.8810129999999999766969e-03
  9.4095341256975075339142e+01   2.6522369999999999973239e-03
  9.4163878584870886356839e+01   2.4225610000000001587050e-03
  9.4232412864766715188125e+01   2.1892190000000000607572e-03
  9.4300950192662554627532e+01   1.9463869999999999435558e-03
  9.4369484472558383458818e+01   1.6773050000000000285538e-03
  9.4438021800454194476515e+01   1.4000239999999999299801e-03
  9.4506559128350019705067e+01   1.1208970000000000391549e-03
  9.4575093408245848536353e+01   8.5977099999999995107863e-04
  9.4643630736141673764905e+01   7.0494199999999996014005e-04
  9.4712165016037502596191e+01   6.3165499999999995522221e-04
  9.4780702343933327824743e+01   6.3231799999999998597444e-04
  9.4849239671829153053295e+01   7.2221600000000002548411e-04
  9.4917773951724967673726e+01   9.1711299999999999939260e-04
  9.4986311279620807113133e+01   1.2709110000000000025022e-03
  9.5054845559516635944419e+01   1.8641330000000000226279e-03
  9.5123382887412446962117e+01   2.6640109999999999831899e-03
  9.5191920215308286401523e+01   3.5304270000000000442886e-03
  9.5260454495204101021955e+01   4.3678880000000003258620e-03
  9.5328991823099926250507e+01   5.0753750000000000253131e-03
  9.5397526102995755081793e+01   5.4949519999999999961271e-03
  9.5466063430891580310345e+01   5.6744880000000001013527e-03
  9.5534600758787405538897e+01   5.7860139999999999141367e-03
  9.5603135038683220159328e+01   5.8263509999999995789266e-03
  9.5671672366579059598735e+01   5.8062440000000003353930e-03
  9.5740206646474888430021e+01   5.7452559999999998005538e-03
  9.5808743974370699447718e+01   5.6376000000000004233613e-03
  9.5877281302266538887125e+01   5.4984609999999996265974e-03
  9.5945815582162367718411e+01   5.3473770000000003799201e-03
  9.6014352910058178736108e+01   5.1852199999999999333045e-03
  9.6082887189954007567394e+01   5.0228030000000001634164e-03
  9.6151424517849832795946e+01   4.8735940000000001898206e-03
  9.6219958797745661627232e+01   4.7498439999999995941860e-03
  9.6288496125641486855784e+01   4.6482650000000003825962e-03
  9.6357033453537312084336e+01   4.5652829999999998411564e-03
  9.6425567733433140915622e+01   4.4972659999999997637588e-03
  9.6494105061328951933319e+01   4.4449409999999999962284e-03
  9.6562639341224780764605e+01   4.4067150000000002846301e-03
  9.6631176669120620204012e+01   4.3863799999999996195865e-03
  9.6699713997016431221709e+01   4.3718300000000001603873e-03
  9.6768248276912260052995e+01   4.3668620000000000005991e-03
  9.6836785604808071070693e+01   4.3681029999999999163807e-03
  9.6905319884703899901979e+01   4.3710559999999998997966e-03
  9.6973857212599739341385e+01   4.3638840000000001656533e-03
  9.7042394540495550359083e+01   4.3452960000000002277476e-03
  9.7110928820391379190369e+01   4.3138040000000000759317e-03
  9.7179466148287204418921e+01   4.2715799999999996480748e-03
  9.7248000428183033250207e+01   4.2159169999999995814832e-03
  9.7316537756078858478759e+01   4.1434879999999998587135e-03
  9.7385075083974683707311e+01   4.0540699999999998959233e-03
  9.7453609363870512538597e+01   3.9640869999999998191109e-03
  9.7522146691766323556294e+01   3.8825249999999999518663e-03
  9.7590680971662152387580e+01   3.8113460000000001781650e-03
  9.7659218299557991826987e+01   3.7578820000000001493035e-03
  9.7727755627453802844684e+01   3.7272249999999998090749e-03
  9.7796289907349631675970e+01   3.7245839999999999676839e-03
  9.7864827235245456904522e+01   3.7401169999999998340423e-03
  9.7933361515141285735808e+01   3.7782089999999998210234e-03
  9.8001898843037110964360e+01   3.8437380000000001892269e-03
  9.8070436170932936192912e+01   3.9394590000000001897562e-03
  9.8138970450828765024198e+01   4.0683480000000002765881e-03
  9.8207507778724576041895e+01   4.1911470000000001015494e-03
  9.8276042058620404873182e+01   4.2780559999999996992348e-03
  9.8344579386516244312588e+01   4.3353180000000003310734e-03
  9.8413116714412055330286e+01   4.3637590000000000406422e-03
  9.8481650994307884161572e+01   4.3623259999999997038600e-03
  9.8550188322203709390124e+01   4.3387010000000003628884e-03
  9.8618722602099538221410e+01   4.2968759999999998205888e-03
  9.8687259929995363449962e+01   4.2354860000000001118980e-03
  9.8755797257891188678514e+01   4.1574639999999996042845e-03
  9.8824331537787017509800e+01   4.0596549999999996874434e-03
  9.8892868865682828527497e+01   3.9387390000000001288871e-03
  9.8961403145578657358783e+01   3.7993800000000002049794e-03
  9.9029940473474496798190e+01   3.6524660000000000459330e-03
  9.9098477801370307815887e+01   3.4981360000000002140330e-03
  9.9167012081266136647173e+01   3.3384180000000001145577e-03
  9.9235549409161947664870e+01   3.1730030000000001948190e-03
  9.9304083689057776496156e+01   3.0019849999999999833056e-03
  9.9372621016953615935563e+01   2.8262320000000001364582e-03
  9.9441158344849426953260e+01   2.6452120000000000840656e-03
  9.9509692624745255784546e+01   2.4586489999999998172509e-03
  9.9578229952641081013098e+01   2.2621999999999998012812e-03
  9.9646764232536909844384e+01   2.0523709999999998829234e-03
  9.9715301560432735072936e+01   1.8265959999999999922166e-03
  9.9783838888328560301488e+01   1.6283310000000000058312e-03
  9.9852373168224389132774e+01   1.4714829999999999923799e-03
  9.9920910496120200150472e+01   1.3546289999999999893732e-03
  9.9989444776016028981758e+01   1.2846080000000000172211e-03
  1.0005798210391186842116e+02   1.2649350000000000177058e-03
  1.0012651943180767943886e+02   1.3153950000000000190858e-03
  1.0019505371170350827015e+02   1.4308330000000000613997e-03
  1.0026359103959933349870e+02   1.6469130000000000661059e-03
  1.0033212531949516232999e+02   1.9615439999999999612368e-03
  1.0040066264739098755854e+02   2.3928259999999998072773e-03
  1.0046919997528681278709e+02   3.0148160000000000235953e-03
  1.0053773425518264161838e+02   3.6836989999999999144398e-03
  1.0060627158307845263607e+02   4.2042190000000003585745e-03
  1.0067480586297428146736e+02   4.5816770000000001453189e-03
  1.0074334319087012090677e+02   4.8219439999999998830438e-03
  1.0081188051876593192446e+02   4.9315360000000002527187e-03
  1.0088041479866176075575e+02   4.9329659999999995664832e-03
  1.0094895212655758598430e+02   4.9061749999999995988653e-03
  1.0101748640645341481559e+02   4.8335430000000000408389e-03
  1.0108602373434924004414e+02   4.7238059999999996649289e-03
  1.0115456106224506527269e+02   4.5756130000000000759841e-03
  1.0122309534214089410398e+02   4.3761750000000003771317e-03
  1.0129163267003671933253e+02   4.1341820000000001344986e-03
  1.0136016694993253395296e+02   3.8818020000000001690221e-03
  1.0142870427782837339237e+02   3.6178040000000000718516e-03
  1.0149724160572418441006e+02   3.3474429999999998595894e-03
  1.0156577588562001324135e+02   3.0777299999999998755817e-03
  1.0163431321351585268076e+02   2.8184239999999999293223e-03
  1.0170284749341165309033e+02   2.5704330000000000060190e-03
  1.0177138482130749252974e+02   2.3265140000000000125580e-03
  1.0183992214920330354744e+02   2.0882760000000000211173e-03
  1.0190845642909913237872e+02   1.8521320000000000404600e-03
  1.0197699375699497181813e+02   1.6179420000000000346568e-03
  1.0204552803689078643856e+02   1.3840040000000000935260e-03
  1.0211406536478661166711e+02   1.1496989999999999033237e-03
  1.0218260269268243689567e+02   9.1360799999999999822242e-04
  1.0225113697257826572695e+02   6.7498799999999995521266e-04
  1.0231967430047409095550e+02   4.3409100000000000159697e-04
  1.0238820858036991978679e+02   1.8926699999999998884868e-04
  1.0245674590826574501534e+02  -6.1574000000000003729461e-05
  1.0252528323616155603304e+02  -3.1383300000000001559602e-04
  1.0259381751605738486433e+02  -5.6969699999999997685335e-04
  1.0266235484395322430373e+02  -8.2895899999999998926381e-04
  1.0273088912384905313502e+02  -1.0913480000000000142563e-03
  1.0279942645174486415272e+02  -1.3607459999999999174236e-03
  1.0286796377964068938127e+02  -1.6373509999999999973974e-03
  1.0293649805953651821255e+02  -1.9244139999999999423447e-03
  1.0300503538743234344111e+02  -2.2188649999999999866407e-03
  1.0307356966732817227239e+02  -2.5121169999999999090934e-03
  1.0314210699522399750094e+02  -2.7971839999999998684077e-03
  1.0321064432311980851864e+02  -3.0383910000000000951881e-03
  1.0327917860301563734993e+02  -3.2275390000000001890224e-03
  1.0334771593091147678933e+02  -3.3731680000000001731775e-03
  1.0341625021080730562062e+02  -3.4706599999999999776878e-03
  1.0348478753870311663832e+02  -3.5298170000000001975127e-03
  1.0355332486659894186687e+02  -3.5527480000000001038318e-03
  1.0362185914649477069815e+02  -3.5432049999999997921818e-03
  1.0369039647439059592671e+02  -3.5116679999999999076121e-03
  1.0375893075428642475799e+02  -3.4479169999999999957074e-03
  1.0382746808218224998654e+02  -3.3554280000000001431271e-03
  1.0389600541007806100424e+02  -3.2310139999999999346758e-03
  1.0396453968997388983553e+02  -3.0671800000000000799294e-03
  1.0403307701786972927493e+02  -2.8736539999999997918589e-03
  1.0410161129776555810622e+02  -2.6814619999999999080953e-03
  1.0417014862566136912392e+02  -2.5130399999999998052191e-03
  1.0423868595355718014162e+02  -2.3773190000000001334546e-03
  1.0430722023345300897290e+02  -2.2836770000000000159501e-03
  1.0437575756134884841231e+02  -2.2358840000000000484970e-03
  1.0444429184124467724359e+02  -2.2059480000000001101434e-03
  1.0451282916914048826129e+02  -2.1972070000000000662699e-03
  1.0458136649703631348984e+02  -2.2088619999999998047557e-03
  1.0464990077693214232113e+02  -2.2382149999999999961942e-03
  1.0471843810482796754968e+02  -2.2819929999999999555016e-03
  1.0478697238472379638097e+02  -2.3571400000000001899447e-03
  1.0485550971261962160952e+02  -2.4546199999999998055122e-03
  1.0492404704051543262722e+02  -2.5774090000000001235425e-03
  1.0499258132041126145850e+02  -2.7280020000000002045049e-03
  1.0506111864830710089791e+02  -2.9022969999999998630402e-03
  1.0512965292820292972920e+02  -3.1022549999999999431610e-03
  1.0519819025609874074689e+02  -3.3283929999999998031179e-03
  1.0526672758399456597544e+02  -3.5651030000000000219629e-03
  1.0533526186389039480673e+02  -3.8132750000000000846490e-03
  1.0540379919178622003528e+02  -4.0708790000000003375669e-03
  1.0547233347168204886657e+02  -4.3320659999999998682196e-03
  1.0554087079957787409512e+02  -4.5942109999999999545017e-03
  1.0560940812747368511282e+02  -4.8487399999999998209677e-03
  1.0567794240736951394410e+02  -5.0952410000000003531540e-03
  1.0574647973526535338351e+02  -5.3336809999999998388454e-03
  1.0581501401516118221480e+02  -5.5662070000000000991047e-03
  1.0588355134305699323249e+02  -5.7918759999999996218589e-03
  1.0595208867095281846105e+02  -6.0155080000000001397287e-03
  1.0602062295084864729233e+02  -6.2337190000000004125313e-03
  1.0608916027874447252088e+02  -6.4438359999999996613473e-03
  1.0615769455864030135217e+02  -6.6347039999999999487779e-03
  1.0622623188653612658072e+02  -6.7908800000000000066103e-03
  1.0629476921443195180927e+02  -6.9055230000000002166249e-03
  1.0636330349432776642971e+02  -6.9575349999999999348055e-03
  1.0643184082222360586911e+02  -6.9645289999999996852220e-03
  1.0650037510211943470040e+02  -6.9389370000000000562879e-03
  1.0656891243001524571810e+02  -6.8719970000000003482188e-03
  1.0663744975791108515750e+02  -6.7576690000000000022040e-03
  1.0670598403780688556708e+02  -6.5655849999999996505218e-03
  1.0677452136570272500649e+02  -6.2765269999999996272666e-03
  1.0684305564559855383777e+02  -5.9113020000000002229790e-03
  1.0691159297349436485547e+02  -5.4252859999999996504227e-03
  1.0698013030139020429488e+02  -4.7962329999999995730486e-03
  1.0704866458128601891531e+02  -4.0798329999999997236282e-03
  1.0711720190918184414386e+02  -3.3264940000000001521507e-03
  1.0718573618907767297515e+02  -2.7430160000000000306009e-03
  1.0725427351697349820370e+02  -2.3220609999999998300513e-03
  1.0732281084486932343225e+02  -2.0523839999999999791913e-03
  1.0739134512476515226354e+02  -1.9095369999999999965218e-03
  1.0745988245266097749209e+02  -1.8259859999999999286002e-03
  1.0752841673255680632337e+02  -1.7867359999999999232295e-03
  1.0759695406045261734107e+02  -1.7464329999999999264160e-03
  1.0766549138834845678048e+02  -1.7014650000000000953926e-03
  1.0773402566824428561176e+02  -1.6359230000000000646021e-03
  1.0780256299614009662946e+02  -1.5286290000000000988134e-03
  1.0787109727603592546075e+02  -1.3779289999999999594138e-03
  1.0793963460393175068930e+02  -1.1311739999999999815861e-03
  1.0800817193182757591785e+02  -8.0244699999999996933853e-04
  1.0807670621172340474914e+02  -3.7542800000000002471484e-04
  1.0814524353961922997769e+02   1.4420500000000000592054e-04
  1.0821377781951505880897e+02   6.9616499999999999995920e-04
  1.0828231514741086982667e+02   1.1745620000000000886231e-03
  1.0835085247530670926608e+02   1.4779050000000000606587e-03
  1.0841938675520253809736e+02   1.6733110000000000257975e-03
  1.0848792408309834911506e+02   1.7820559999999999612613e-03
  1.0855645836299417794635e+02   1.8279310000000000870080e-03
  1.0862499569089000317490e+02   1.8458929999999999262139e-03
  1.0869353301878582840345e+02   1.8057579999999999725152e-03
  1.0876206729868165723474e+02   1.7356410000000000067033e-03
  1.0883060462657748246329e+02   1.6377049999999999333605e-03
  1.0889913890647331129458e+02   1.5111580000000000758437e-03
  1.0896767623436912231227e+02   1.3600669999999999600082e-03
  1.0903621356226496175168e+02   1.1813539999999999111080e-03
  1.0910474784216079058297e+02   9.7406900000000004157669e-04
  1.0917328517005660160066e+02   7.4914999999999996784655e-04
  1.0924181944995243043195e+02   5.1030100000000000546457e-04
  1.0931035677784824144965e+02   2.6228200000000002076531e-04
  1.0937889410574408088905e+02   1.1032999999999999228627e-05
  1.0944742838563990972034e+02  -2.4205299999999999472494e-04
  1.0951596571353572073804e+02  -4.9147500000000000647954e-04
  1.0958449999343154956932e+02  -7.3972399999999998050637e-04
  1.0965303732132737479787e+02  -9.8784599999999990645183e-04
  1.0972157464922320002643e+02  -1.2371150000000000028499e-03
  1.0979010892911902885771e+02  -1.4888209999999999812170e-03
  1.0985864625701485408626e+02  -1.7471850000000000574518e-03
  1.0992718053691068291755e+02  -2.0112269999999999800511e-03
  1.0999571786480649393525e+02  -2.2816960000000001580756e-03
  1.1006425519270233337465e+02  -2.5587769999999999265272e-03
  1.1013278947259816220594e+02  -2.8427779999999997981308e-03
  1.1020132680049397322364e+02  -3.1318660000000000769027e-03
  1.1026986108038980205492e+02  -3.4253259999999998049180e-03
  1.1033839840828562728348e+02  -3.7180999999999997905620e-03
  1.1040693573618145251203e+02  -4.0092900000000004229195e-03
  1.1047547001607728134331e+02  -4.2978319999999996942064e-03
  1.1054400734397310657187e+02  -4.5864340000000003438885e-03
  1.1061254162386893540315e+02  -4.8831530000000003197136e-03
  1.1068107895176474642085e+02  -5.1971769999999998732032e-03
  1.1074961627966058586026e+02  -5.5210359999999999991438e-03
  1.1081815055955641469154e+02  -5.8274180000000000076432e-03
  1.1088668788745222570924e+02  -6.0838829999999999992299e-03
  1.1095522216734805454053e+02  -6.2664239999999996055813e-03
  1.1102375949524387976908e+02  -6.3373179999999997707993e-03
  1.1109229682313970499763e+02  -6.3406099999999999961009e-03
  1.1116083110303553382892e+02  -6.2842849999999996976618e-03
  1.1122936843093135905747e+02  -6.1550129999999999771965e-03
  1.1129790271082718788875e+02  -5.9269809999999995692166e-03
  1.1136644003872299890645e+02  -5.5569929999999996550475e-03
  1.1143497736661883834586e+02  -5.0157480000000004283223e-03
  1.1150351164651466717714e+02  -4.2322239999999997084323e-03
  1.1157204897441047819484e+02  -3.2372740000000000543112e-03
  1.1164058325430630702613e+02  -2.0923740000000001434954e-03
  1.1170912058220211804382e+02  -9.1155599999999999821787e-04
  1.1177765791009795748323e+02   3.4418000000000001489722e-05
  1.1184619218999378631452e+02   5.7713499999999999610228e-04
  1.1191472951788959733221e+02   9.0806100000000004607986e-04
  1.1198326379778542616350e+02   1.0841699999999999688011e-03
  1.1205180112568125139205e+02   1.1573510000000000394471e-03
  1.1212033845357707662060e+02   1.1637719999999999835605e-03
  1.1218887273347290545189e+02   1.1404670000000000432139e-03
  1.1225741006136873068044e+02   1.0805359999999999964793e-03
  1.1232594434126455951173e+02   9.7812099999999998177491e-04
  1.1239448166916037052943e+02   8.3681700000000000787964e-04
  1.1246301899705620996883e+02   6.6127500000000001383060e-04
  1.1253155327695203880012e+02   4.5228599999999998578643e-04
  1.1260009060484784981782e+02   2.0326900000000000827069e-04
  1.1266862488474367864910e+02  -6.9968999999999993656338e-05
  1.1273716221263951808851e+02  -3.5951899999999998441824e-04
  1.1280569954053532910621e+02  -6.5507100000000001698702e-04
  1.1287423382043115793749e+02  -9.4647399999999999153227e-04
  1.1294277114832698316604e+02  -1.2144650000000000757139e-03
  1.1301130542822281199733e+02  -1.4466959999999999195164e-03
  1.1307984275611863722588e+02  -1.6499279999999999415244e-03
  1.1314838008401446245443e+02  -1.8217170000000000411322e-03
  1.1321691436391029128572e+02  -1.9602170000000002092477e-03
  1.1328545169180610230342e+02  -2.0637929999999999643168e-03
  1.1335398597170193113470e+02  -2.1274860000000000471998e-03
  1.1342252329959777057411e+02  -2.1614749999999999414968e-03
  1.1349106062749358159181e+02  -2.1723189999999998126001e-03
  1.1355959490738941042309e+02  -2.1678299999999999306266e-03
  1.1362813223528523565165e+02  -2.1508439999999998462621e-03
  1.1369666651518106448293e+02  -2.1184020000000001321405e-03
  1.1376520384307688971148e+02  -2.0572879999999999986460e-03
  1.1383374117097271494004e+02  -1.9712589999999999453018e-03
  1.1390227545086854377132e+02  -1.8655909999999999940995e-03
  1.1397081277876435478902e+02  -1.7360080000000000389343e-03
  1.1403934705866018362030e+02  -1.5791170000000001073792e-03
  1.1410788438655602305971e+02  -1.4052879999999999798693e-03
  1.1417642171445183407741e+02  -1.2328729999999999984023e-03
  1.1424495599434766290869e+02  -1.0876480000000000869509e-03
  1.1431349332224347392639e+02  -9.7229200000000003470402e-04
  1.1438202760213930275768e+02  -8.8389800000000004042561e-04
  1.1445056493003514219708e+02  -8.1536499999999997000122e-04
  1.1451910225793095321478e+02  -7.6108999999999996533689e-04
  1.1458763653782678204607e+02  -7.1398299999999995709560e-04
  1.1465617386572260727462e+02  -6.7084000000000002135458e-04
  1.1472470814561843610591e+02  -6.2981400000000002485645e-04
  1.1479324547351426133446e+02  -5.8962000000000000955042e-04
  1.1486178280141008656301e+02  -5.4958899999999995863303e-04
  1.1493031708130591539430e+02  -5.1068800000000002733969e-04
  1.1499885440920172641199e+02  -4.7451600000000002197581e-04
  1.1506738868909755524328e+02  -4.4190300000000000066325e-04
  1.1513592601699339468269e+02  -4.1330700000000001898687e-04
  1.1520446334488920570038e+02  -3.8883000000000000244763e-04
  1.1527299762478503453167e+02  -3.6842700000000000145131e-04
  1.1534153495268085976022e+02  -3.5162600000000001103026e-04
  1.1541006923257668859151e+02  -3.3684699999999998193748e-04
  1.1547860656047251382006e+02  -3.2340999999999999522243e-04
  1.1554714388836833904861e+02  -3.1074500000000002076714e-04
  1.1561567816826416787990e+02  -2.9848700000000000362096e-04
  1.1568421549615997889759e+02  -2.8687199999999997337280e-04
  1.1575274977605580772888e+02  -2.7607999999999999945002e-04
  1.1582128710395164716829e+02  -2.6634999999999999604691e-04
  1.1588982443184745818598e+02  -2.5790299999999997341421e-04
  1.1595835871174328701727e+02  -2.5088200000000001471667e-04
  1.1602689603963911224582e+02  -2.4535399999999998226288e-04
  1.1609543031953494107711e+02  -2.4102600000000000608248e-04
  1.1616396764743076630566e+02  -2.3904800000000000570824e-04
  1.1623250497532659153421e+02  -2.3896799999999999292166e-04
  1.1630103925522242036550e+02  -2.4077300000000000698014e-04
  1.1636957658311823138320e+02  -2.4430600000000001533612e-04
  1.1643811086301406021448e+02  -2.4885999999999999917830e-04
  1.1650664819090989965389e+02  -2.5524700000000000426476e-04
  1.1657518551880571067159e+02  -2.6064499999999999561157e-04
  1.1664371979870153950287e+02  -2.6477700000000000280648e-04
  1.1671225712659735052057e+02  -2.6740999999999998928621e-04
  1.1678079140649317935186e+02  -2.6816900000000001369829e-04
  1.1684932873438901879126e+02  -2.6647599999999997417294e-04
  1.1691786606228482980896e+02  -2.6239699999999998832403e-04
  1.1698640034218065864025e+02  -2.5601600000000002349890e-04
  1.1705493767007648386880e+02  -2.4758400000000002020434e-04
  1.1712347194997231270008e+02  -2.3687900000000000665448e-04
  1.1719200927786813792864e+02  -2.2308199999999998950490e-04
  1.1726054660576396315719e+02  -2.0755299999999999639201e-04
  1.1732908088565979198847e+02  -1.9247700000000000724286e-04
  1.1739761821355560300617e+02  -1.7992999999999999337190e-04
  1.1746615249345143183746e+02  -1.7045600000000000920179e-04
  1.1753468982134727127686e+02  -1.6383300000000000163150e-04
  1.1760322714924308229456e+02  -1.5956499999999999438345e-04
  1.1767176142913891112585e+02  -1.5709299999999999501200e-04
  1.1774029875703475056525e+02  -1.5529000000000001244400e-04
  1.1780883303693056518568e+02  -1.5379200000000000747406e-04
  1.1787737036482639041424e+02  -1.5233299999999999315217e-04
  1.1794590769272221564279e+02  -1.5076200000000000429716e-04
  1.1801444197261804447407e+02  -1.4888799999999998801940e-04
  1.1808297930051386970263e+02  -1.4618399999999999493497e-04
  1.1815151358040968432306e+02  -1.4266999999999998758292e-04
  1.1822005090830552376246e+02  -1.3826499999999999164155e-04
  1.1828858823620133478016e+02  -1.3296400000000000969982e-04
  1.1835712251609716361145e+02  -1.2675499999999998834016e-04
  1.1842565984399300305085e+02  -1.1962300000000000309210e-04
  1.1849419412388881767129e+02  -1.1271200000000000098974e-04
  1.1856273145178464289984e+02  -1.0653699999999999997215e-04
  1.1863126877968046812839e+02  -1.0134200000000000651233e-04
  1.1869980305957629695968e+02  -9.7171999999999997309555e-05
  1.1876834038747212218823e+02  -9.3987999999999995268292e-05
  1.1883687466736795101951e+02  -9.2073999999999999702301e-05
  1.1890541199526377624807e+02  -9.1069000000000005089380e-05
  1.1897394932315958726576e+02  -9.0799999999999998008711e-05
  1.1904248360305541609705e+02  -9.1106999999999993544719e-05
  1.1911102093095125553646e+02  -9.1848000000000005593054e-05
  1.1917955521084708436774e+02  -9.3041999999999994500066e-05
  1.1924809253874289538544e+02  -9.4396999999999997620417e-05
  1.1931662986663870640314e+02  -9.5795000000000000159664e-05
  1.1938516414653453523442e+02  -9.7177999999999996913295e-05
  1.1945370147443037467383e+02  -9.8505000000000006400366e-05
  1.1952223575432620350512e+02  -9.9825000000000000538458e-05
  1.1959077308222201452281e+02  -1.0112699999999999586533e-04
  1.1965931041011783975136e+02  -1.0232599999999999573590e-04
  1.1972784469001366858265e+02  -1.0357700000000000120724e-04
  1.1979638201790949381120e+02  -1.0487399999999999912308e-04
  1.1986491629780532264249e+02  -1.0617199999999999923163e-04
  1.1993345362570114787104e+02  -1.0716499999999999463707e-04
  1.2000199095359695888874e+02  -1.0784300000000000406986e-04
  1.2007052523349278772002e+02  -1.0802599999999999876021e-04
  1.2013906256138862715943e+02  -1.0771499999999999445336e-04
  1.2020759684128445599072e+02  -1.0685300000000000169003e-04
  1.2027613416918026700841e+02  -1.0544199999999999775059e-04
  1.2034467149707609223697e+02  -1.0361600000000000540781e-04
  1.2041320577697192106825e+02  -1.0228700000000000508785e-04
  1.2048174310486774629680e+02  -1.0165399999999999945937e-04
  1.2055027738476357512809e+02  -1.0198599999999999560305e-04
  1.2061881471265940035664e+02  -1.0350099999999999719150e-04
  1.2068735204055521137434e+02  -1.0597299999999999656295e-04
  1.2075588632045104020563e+02  -1.1027900000000000581887e-04
  1.2082442364834687964503e+02  -1.1562400000000000292472e-04
  1.2089295792824270847632e+02  -1.2175400000000000013799e-04
  1.2096149525613851949402e+02  -1.2835700000000000451164e-04
  1.2103003258403434472257e+02  -1.3498699999999998677333e-04
  1.2109856686393017355385e+02  -1.4163099999999999973298e-04
  1.2116710419182599878241e+02  -1.4700400000000000402464e-04
  1.2123563847172182761369e+02  -1.5128499999999999912036e-04
  1.2130417579961765284224e+02  -1.5483200000000001106924e-04
  1.2137271312751346385994e+02  -1.5794400000000000431309e-04
  1.2144124740740929269123e+02  -1.6107400000000000992069e-04
  1.2150978473530513213063e+02  -1.6434100000000000422161e-04
  1.2157831901520096096192e+02  -1.6792299999999999804770e-04
  1.2164685634309677197962e+02  -1.7184799999999999858477e-04
  1.2171539367099258299731e+02  -1.7602300000000000519858e-04
  1.2178392795088841182860e+02  -1.8040400000000000272499e-04
  1.2185246527878425126801e+02  -1.8498399999999998936755e-04
  1.2192099955868008009929e+02  -1.8909499999999999117310e-04
  1.2198953688657589111699e+02  -1.9201200000000000407165e-04
  1.2205807421447171634554e+02  -1.9403300000000000386478e-04
  1.2212660849436754517683e+02  -1.9518000000000001168711e-04
  1.2219514582226337040538e+02  -1.9540099999999999483280e-04
  1.2226368010215919923667e+02  -1.9464400000000000191119e-04
  1.2233221743005502446522e+02  -1.9288500000000000740227e-04
  1.2240075475795083548292e+02  -1.9024499999999999202104e-04
  1.2246928903784666431420e+02  -1.8697700000000000907993e-04
  1.2253782636574250375361e+02  -1.8339600000000000389402e-04
  1.2260636064563833258489e+02  -1.7969899999999998829910e-04
  1.2267489797353414360259e+02  -1.7636400000000000752413e-04
  1.2274343530142996883114e+02  -1.7434100000000000334557e-04
  1.2281196958132579766243e+02  -1.7298800000000000461065e-04
  1.2288050690922162289098e+02  -1.7227799999999999277372e-04
  1.2294904118911745172227e+02  -1.7217900000000000608827e-04
  1.2301757851701327695082e+02  -1.7261500000000001343349e-04
  1.2308611584490910217937e+02  -1.7371300000000000868065e-04
  1.2315465012480491679980e+02  -1.7571700000000001185528e-04
  1.2322318745270075623921e+02  -1.7850499999999999939208e-04
  1.2329172173259658507050e+02  -1.8206700000000000357406e-04
  1.2336025906049239608819e+02  -1.8616400000000000178671e-04
  1.2342879638838823552760e+02  -1.9092499999999999228673e-04
  1.2349733066828405014803e+02  -1.9645000000000000460985e-04
  1.2356586799617987537658e+02  -2.0274999999999999511328e-04
  1.2363440227607570420787e+02  -2.0959500000000000157450e-04
  1.2370293960397152943642e+02  -2.1686799999999999783926e-04
  1.2377147693186735466497e+02  -2.2454199999999999246697e-04
  1.2384001121176316928540e+02  -2.3259499999999999142811e-04
  1.2390854853965900872481e+02  -2.4088800000000000164392e-04
  1.2397708281955483755610e+02  -2.4929999999999998818931e-04
  1.2404562014745064857379e+02  -2.5779500000000000765193e-04
  1.2411415747534648801320e+02  -2.6636200000000002235945e-04
  1.2418269175524231684449e+02  -2.7479000000000001688316e-04
  1.2425122908313812786218e+02  -2.8303699999999998044437e-04
  1.2431976336303395669347e+02  -2.9088600000000001998338e-04
  1.2438830069092976771117e+02  -2.9816700000000000668476e-04
  1.2445683801882560715057e+02  -3.0466000000000000025313e-04
  1.2452537229872143598186e+02  -3.1029700000000001421444e-04
  1.2459390962661724699956e+02  -3.1512599999999999118849e-04
  1.2466244390651307583084e+02  -3.1906700000000002680894e-04
  1.2473098123440890105940e+02  -3.2213100000000002322287e-04
  1.2479951856230472628795e+02  -3.2456899999999997514719e-04
  1.2486805284220055511923e+02  -3.2646900000000002133038e-04
  1.2493659017009638034779e+02  -3.2790400000000001013226e-04
  1.2500512444999220917907e+02  -3.2894400000000001372744e-04
  1.2507366177788802019677e+02  -3.2958100000000001457423e-04
  1.2514219910578385963618e+02  -3.2999400000000001214467e-04
  1.2521073338567968846746e+02  -3.3027399999999997558253e-04
  1.2527927071357549948516e+02  -3.3046699999999997864747e-04
  1.2832727070894253529332e+02   0.0000000000000000000000e+00
  1.3137527070430957110148e+02   0.0000000000000000000000e+00
  1.4451279777474053389597e+02 0.00