  6.3324416409346888201526e+01 0.0
  7.4499313422761048286702e+01   0.0000000000000000000000e+00
  7.9071313415811601998939e+01   2.0000000000000001245632e-09
  7.9139850743707413016637e+01   2.9999999999999999800496e-09
  7.9208388071603252456043e+01   5.9999999999999999600992e-09
  7.9276922351499081287329e+01   1.0000000000000000209226e-08
  7.9345459679394892305027e+01   1.4999999999999998659477e-08
  7.9413993959290721136313e+01   2.6000000000000001205731e-08
  7.9482531287186546364865e+01   4.0000000000000000836902e-08
  7.9551068615082371593417e+01   6.8999999999999995818829e-08
  7.9619602894978200424703e+01   1.1000000000000000561020e-07
  7.9688140222874025653255e+01   1.7599999999999998780050e-07
  7.9756674502769854484541e+01   2.8999999999999997628904e-07
  7.9825211830665665502238e+01   4.3500000000000001737312e-07
  7.9893749158561504941645e+01   7.2600000000000001585152e-07
  7.9962283438457333772931e+01   1.0830000000000000494598e-06
  8.0030820766353144790628e+01   1.7450000000000000216206e-06
  8.0099355046248973621914e+01   2.6819999999999999019278e-06
  8.0167892374144798850466e+01   4.0579999999999999413052e-06
  8.0236429702040624079018e+01   6.3729999999999997994894e-06
  8.0304963981936452910304e+01   9.2779999999999999380244e-06
  8.0373501309832278138856e+01   1.4773000000000000689923e-05
  8.0442035589728106970142e+01   2.1557000000000000450697e-05
  8.0510572917623917987839e+01   3.3825999999999997670981e-05
  8.0579110245519757427246e+01   5.1588000000000001422137e-05
  8.0647644525415586258532e+01   7.7601999999999993250580e-05
  8.0716181853311397276229e+01   1.2254599999999998848933e-04
  8.0784716133207226107515e+01   1.8052699999999998782541e-04
  8.0853253461103037125213e+01   2.8840700000000001881548e-04
  8.0921790788998876564619e+01   4.5209500000000001421196e-04
  8.0990325068894705395905e+01   7.1890500000000004312412e-04
  8.1058862396790530624457e+01   1.1208369999999999618023e-03
  8.1127396676686359455744e+01   1.6407920000000000750745e-03
  8.1195934004582170473441e+01   2.1926329999999998217330e-03
  8.1264471332478009912847e+01   2.7518379999999999403759e-03
  8.1333005612373838744134e+01   3.0659350000000001011669e-03
  8.1401542940269649761831e+01   3.3553870000000000396734e-03
  8.1470077220165478593117e+01   3.5016800000000000703260e-03
  8.1538614548061289610814e+01   3.6146899999999998302769e-03
  8.1607151875957129050221e+01   3.6754909999999999144216e-03
  8.1675686155852957881507e+01   3.6660450000000001542777e-03
  8.1744223483748768899204e+01   3.6467840000000001365876e-03
  8.1812757763644597730490e+01   3.5796479999999999445370e-03
  8.1881295091540422959042e+01   3.5022650000000000655720e-03
  8.1949832419436248187594e+01   3.3901750000000000460909e-03
  8.2018366699332077018880e+01   3.2550579999999999097904e-03
  8.2086904027227902247432e+01   3.1019939999999998452018e-03
  8.2155438307123731078718e+01   2.9370860000000002104636e-03
  8.2223975635019542096416e+01   2.7732180000000000372196e-03
  8.2292512962915381535822e+01   2.6344960000000000599485e-03
  8.2361047242811210367108e+01   2.5058269999999999676221e-03
  8.2429584570707021384806e+01   2.4011549999999998693256e-03
  8.2498118850602850216092e+01   2.3117969999999999838880e-03
  8.2566656178498689655498e+01   2.2315960000000001871301e-03
  8.2635193506394500673196e+01   2.1763600000000000132816e-03
  8.2703727786290329504482e+01   2.1239129999999998427151e-03
  8.2772265114186154733034e+01   2.0884960000000000156228e-03
  8.2840799394081983564320e+01   2.0589810000000000923814e-03
  8.2909336721977808792872e+01   2.0424869999999999484186e-03
  8.2977874049873634021424e+01   2.0373520000000000865215e-03
  8.3046408329769462852710e+01   2.0375459999999998884912e-03
  8.3114945657665273870407e+01   2.0523680000000001609484e-03
  8.3183479937561102701693e+01   2.0678260000000000390363e-03
  8.3252017265456942141100e+01   2.0894030000000000935056e-03
  8.3320554593352753158797e+01   2.1075239999999999425395e-03
  8.3389088873248581990083e+01   2.1231750000000001489531e-03
  8.3457626201144393007780e+01   2.1301359999999999218778e-03
  8.3526160481040236049921e+01   2.1335189999999999536928e-03
  8.3594697808936061278473e+01   2.1267030000000001870031e-03
  8.3663235136831886507025e+01   2.1185879999999998081484e-03
  8.3731769416727715338311e+01   2.1054810000000001926623e-03
  8.3800306744623526356008e+01   2.0909529999999999956561e-03
  8.3868841024519355187294e+01   2.0755890000000000797375e-03
  8.3937378352415194626701e+01   2.0624210000000000458931e-03
  8.4005915680311005644398e+01   2.0504469999999999467455e-03
  8.4074449960206834475684e+01   2.0471059999999999257092e-03
  8.4142987288102645493382e+01   2.0458510000000000063347e-03
  8.4211521567998474324668e+01   2.0530470000000001183638e-03
  8.4280058895894313764074e+01   2.0639849999999999516365e-03
  8.4348596223790124781772e+01   2.0803950000000000740419e-03
  8.4417130503685953613058e+01   2.1018730000000001960359e-03
  8.4485667831581778841610e+01   2.1253949999999999752320e-03
  8.4554202111477607672896e+01   2.1546859999999998409870e-03
  8.4622739439373432901448e+01   2.1844120000000001591278e-03
  8.4691276767269258130000e+01   2.2168840000000001287661e-03
  8.4759811047165086961286e+01   2.2474339999999999768765e-03
  8.4828348375060897978983e+01   2.2766430000000000694049e-03
  8.4896882654956726810269e+01   2.3037069999999998902440e-03
  8.4965419982852566249676e+01   2.3302620000000000451135e-03
  8.5033957310748377267373e+01   2.3527309999999998328668e-03
  8.5102491590644206098659e+01   2.3743390000000000501779e-03
  8.5171028918540031327211e+01   2.3924219999999999514140e-03
  8.5239563198435860158497e+01   2.4088270000000001035134e-03
  8.5308100526331685387049e+01   2.4231190000000000540903e-03
  8.5376637854227510615601e+01   2.4358209999999999063880e-03
  8.5445172134123339446887e+01   2.4479400000000000117706e-03
  8.5513709462019150464585e+01   2.4593000000000002011613e-03
  8.5582243741914979295871e+01   2.4708090000000000260871e-03
  8.5650781069810818735277e+01   2.4823160000000000363629e-03
  8.5719318397706629752975e+01   2.4943510000000001201881e-03
  8.5787852677602458584261e+01   2.5067950000000000301825e-03
  8.5856390005498269601958e+01   2.5201720000000002105955e-03
  8.5924924285394098433244e+01   2.5341859999999999039644e-03
  8.5993461613289937872651e+01   2.5495430000000000349270e-03
  8.6061998941185763101203e+01   2.5657689999999998622937e-03
  8.6130533221081591932489e+01   2.5830459999999998664533e-03
  8.6199070548977402950186e+01   2.6012090000000001599467e-03
  8.6267604828873231781472e+01   2.6200039999999999960900e-03
  8.6336142156769071220879e+01   2.6395799999999998777800e-03
  8.6404679484664882238576e+01   2.6591819999999999520057e-03
  8.6473213764560711069862e+01   2.6792729999999998109772e-03
  8.6541751092456522087559e+01   2.6988250000000001821432e-03
  8.6610285372352350918845e+01   2.7181359999999999028930e-03
  8.6678822700248190358252e+01   2.7367730000000000702143e-03
  8.6747360028144001375949e+01   2.7547370000000001577511e-03
  8.6815894308039830207235e+01   2.7715330000000000694460e-03
  8.6884431635935655435787e+01   2.7874409999999998771569e-03
  8.6952965915831484267073e+01   2.8011939999999999062474e-03
  8.7021503243727309495625e+01   2.8136979999999998935944e-03
  8.7090040571623134724177e+01   2.8240219999999998171103e-03
  8.7158574851518963555463e+01   2.8330199999999998959621e-03
  8.7227112179414774573161e+01   2.8406419999999999934093e-03
  8.7295646459310603404447e+01   2.8471410000000000814491e-03
  8.7364183787206442843853e+01   2.8529710000000001526854e-03
  8.7432721115102253861551e+01   2.8577199999999997916122e-03
  8.7501255394998082692837e+01   2.8618179999999999139904e-03
  8.7569792722893922132243e+01   2.8647500000000001088574e-03
  8.7638327002789736752675e+01   2.8664250000000001360190e-03
  8.7706864330685561981227e+01   2.8664900000000001836775e-03
  8.7775401658581387209779e+01   2.8631759999999998288212e-03
  8.7843935938477216041065e+01   2.8572509999999998880904e-03
  8.7912473266373041269617e+01   2.8454470000000000803886e-03
  8.7981007546268855890048e+01   2.8304390000000001319236e-03
  8.8049544874164695329455e+01   2.8095519999999998828066e-03
  8.8118082202060506347152e+01   2.7860329999999998255855e-03
  8.8186616481956335178438e+01   2.7596040000000001367331e-03
  8.8255153809852174617845e+01   2.7305239999999997985158e-03
  8.8323688089747975027421e+01   2.7003909999999999025366e-03
  8.8392225417643814466828e+01   2.6695609999999999825682e-03
  8.8460762745539625484525e+01   2.6438510000000000135789e-03
  8.8529297025435468526666e+01   2.6282950000000001103406e-03
  8.8597834353331293755218e+01   2.6192810000000002132459e-03
  8.8666368633227122586504e+01   2.6186489999999998032343e-03
  8.8734905961122947815056e+01   2.6298379999999997938542e-03
  8.8803443289018758832754e+01   2.6543439999999998875346e-03
  8.8871977568914587664040e+01   2.6972099999999997986533e-03
  8.8940514896810427103446e+01   2.7505519999999998581597e-03
  8.9009049176706255934732e+01   2.8162880000000001246008e-03
  8.9077586504602066952430e+01   2.8950870000000001810991e-03
  8.9146123832497877970127e+01   2.9939730000000000335880e-03
  8.9214658112393706801413e+01   3.1203899999999997957878e-03
  8.9283195440289546240820e+01   3.2743479999999998419913e-03
  8.9351729720185375072106e+01   3.4327350000000001264966e-03
  8.9420267048081186089803e+01   3.5710709999999998807974e-03
  8.9488804375977011318355e+01   3.6776719999999998855778e-03
  8.9557338655872840149641e+01   3.7671689999999998996194e-03
  8.9625875983768665378193e+01   3.8387780000000001554006e-03
  8.9694410263664494209479e+01   3.8912679999999998103899e-03
  8.9762947591560319438031e+01   3.9225759999999996671671e-03
  8.9831484919456130455728e+01   3.9338120000000000725526e-03
  8.9900019199351959287014e+01   3.9331879999999997885030e-03
  8.9968556527247798726421e+01   3.9235349999999996964406e-03
  9.0037090807143627557707e+01   3.9159650000000004177458e-03
  9.0105628135039438575404e+01   3.9238600000000003684142e-03
  9.0174165462935263803956e+01   3.9531619999999996484252e-03
  9.0242699742831092635242e+01   4.0187360000000001830633e-03
  9.0311237070726917863794e+01   4.1094989999999999644165e-03
  9.0379771350622746695080e+01   4.2276149999999996717537e-03
  9.0448308678518571923632e+01   4.4030730000000004031868e-03
  9.0516846006414382941330e+01   4.6414000000000003864908e-03
  9.0585380286310211772616e+01   4.9270010000000002969855e-03
  9.0653917614206051212022e+01   5.1913929999999998757265e-03
  9.0722451894101880043308e+01   5.3833689999999998279656e-03
  9.0790989221997691061006e+01   5.5378540000000000403935e-03
  9.0859526549893502078703e+01   5.6380049999999997528688e-03
  9.0928060829789330909989e+01   5.6832660000000001856990e-03
  9.0996598157685170349396e+01   5.6853010000000002432952e-03
  9.1065132437580999180682e+01   5.6449719999999998371054e-03
  9.1133669765476824409234e+01   5.5829249999999998668732e-03
  9.1202207093372635426931e+01   5.4919640000000002205693e-03
  9.1270741373268464258217e+01   5.3813430000000002373373e-03
  9.1339278701164303697624e+01   5.2461770000000003053020e-03
  9.1407812981060132528910e+01   5.0883350000000002535949e-03
  9.1476350308955943546607e+01   4.9138560000000003000209e-03
  9.1544887636851754564304e+01   4.7217800000000000743006e-03
  9.1613421916747583395590e+01   4.5192080000000002526495e-03
  9.1681959244643422834997e+01   4.3039009999999997338471e-03
  9.1750493524539251666283e+01   4.0820040000000001878533e-03
  9.1819030852435062683981e+01   3.8527850000000000638134e-03
  9.1887568180330887912532e+01   3.6163229999999998466598e-03
  9.1956102460226716743819e+01   3.3782289999999999541291e-03
  9.2024639788122541972371e+01   3.1363310000000000146714e-03
  9.2093174068018370803657e+01   2.8948319999999999607709e-03
  9.2161711395914196032209e+01   2.6496010000000001262388e-03
  9.2230248723810007049906e+01   2.4040060000000001982912e-03
  9.2298783003705835881192e+01   2.1565809999999998626541e-03
  9.2367320331601675320599e+01   1.9067970000000000058149e-03
  9.2435854611497504151885e+01   1.6561889999999999684849e-03
  9.2504391939393315169582e+01   1.4012180000000000815175e-03
  9.2572929267289140398134e+01   1.1459669999999999058515e-03
  9.2641463547184969229420e+01   8.8358100000000003651501e-04
  9.2710000875080794457972e+01   6.2065399999999999736122e-04
  9.2778535154976623289258e+01   3.4865100000000000647973e-04
  9.2847072482872448517810e+01   6.9103000000000005674690e-05
  9.2915609810768273746362e+01  -2.2197899999999999684670e-04
  9.2984144090664088366793e+01  -5.4281999999999995618755e-04
  9.3052681418559927806200e+01  -8.7910899999999998852968e-04
  9.3121215698455756637486e+01  -1.2236669999999998971474e-03
  9.3189753026351567655183e+01  -1.5709249999999999256040e-03
  9.3258290354247407094590e+01  -1.8368569999999998995643e-03
  9.3326824634143207504167e+01  -2.0704130000000001143867e-03
  9.3395361962039046943573e+01  -2.2171610000000000449683e-03
  9.3463896241934875774859e+01  -2.2501740000000001844238e-03
  9.3532433569830686792557e+01  -2.2212489999999997930535e-03
  9.3600970897726526231963e+01  -1.9200129999999999280691e-03
  9.3669505177622340852395e+01  -1.6414730000000000639804e-03
  9.3738042505518180291801e+01  -3.3472100000000000940767e-04
  9.3806576785414009123087e+01   8.6842699999999995764954e-04
  9.3875114113309820140785e+01   2.4002580000000001657356e-03
  9.3943651441205659580191e+01   3.4584519999999998804419e-03
  9.4012185721101488411477e+01   4.1915229999999999502269e-03
  9.4080723048997299429175e+01   4.5086090000000002275815e-03
  9.4149257328893128260461e+01   4.7452120000000003879892e-03
  9.4217794656788939278158e+01   4.7442370000000001067919e-03
  9.4286331984684778717565e+01   4.7280309999999997269682e-03
  9.4354866264580607548851e+01   4.6340110000000003798171e-03
  9.4423403592476418566548e+01   4.5008410000000002165743e-03
  9.4491937872372247397834e+01   4.3339210000000001274389e-03
  9.4560475200268072626386e+01   4.1574500000000000343725e-03
  9.4629012528163897854938e+01   3.9757389999999998356217e-03
  9.4697546808059726686224e+01   3.8232019999999999372575e-03
  9.4766084135955551914776e+01   3.6773869999999998434137e-03
  9.4834618415851380746062e+01   3.5531280000000000154903e-03
  9.4903155743747191763759e+01   3.4415109999999999625120e-03
  9.4971693071643031203166e+01   3.3419280000000000860338e-03
  9.5040227351538860034452e+01   3.2601290000000000650349e-03
  9.5108764679434671052149e+01   3.1856219999999999328844e-03
  9.5177298959330499883436e+01   3.1294719999999998961970e-03
  9.5245836287226325111988e+01   3.0779039999999997963276e-03
  9.5314373615122150340540e+01   3.0430040000000001948477e-03
  9.5382907895017979171826e+01   3.0141769999999998286278e-03
  9.5451445222913804400378e+01   2.9934190000000002011837e-03
  9.5519979502809633231664e+01   2.9762149999999999369638e-03
  9.5588516830705444249361e+01   2.9601459999999998710940e-03
  9.5657054158601283688768e+01   2.9407439999999999101499e-03
  9.5725588438497112520054e+01   2.9196040000000001227165e-03
  9.5794125766392923537751e+01   2.8916300000000000683387e-03
  9.5862660046288752369037e+01   2.8591120000000000249407e-03
  9.5931197374184563386734e+01   2.8191729999999999047022e-03
  9.5999734702080402826141e+01   2.7690530000000000525329e-03
  9.6068268981976231657427e+01   2.7140459999999999064768e-03
  9.6136806309872056885979e+01   2.6445639999999998558111e-03
  9.6205340589767885717265e+01   2.5732350000000001055689e-03
  9.6273877917663696734962e+01   2.4980210000000000088172e-03
  9.6342415245559536174369e+01   2.4270039999999999669189e-03
  9.6410949525455365005655e+01   2.3627420000000001407137e-03
  9.6479486853351176023352e+01   2.3106089999999999268221e-03
  9.6548021133247004854638e+01   2.2654070000000000977003e-03
  9.6616558461142815872336e+01   2.2365900000000001057732e-03
  9.6685095789038655311742e+01   2.2114750000000000726419e-03
  9.6753630068934484143028e+01   2.1984309999999998228026e-03
  9.6822167396830295160726e+01   2.1894739999999998474045e-03
  9.6890701676726123992012e+01   2.1868600000000001058742e-03
  9.6959239004621949220564e+01   2.1841650000000000647615e-03
  9.7027776332517774449116e+01   2.1810770000000000157225e-03
  9.7096310612413603280402e+01   2.1674390000000001710312e-03
  9.7164847940309428508954e+01   2.1508389999999998759561e-03
  9.7233382220205257340240e+01   2.1187419999999998476703e-03
  9.7301919548101068357937e+01   2.0826080000000001153648e-03
  9.7370456875996907797344e+01   2.0380879999999999656335e-03
  9.7438991155892736628630e+01   1.9830210000000001759057e-03
  9.7507528483788547646327e+01   1.9213050000000001047568e-03
  9.7576062763684376477613e+01   1.8404470000000000464574e-03
  9.7644600091580201706165e+01   1.7555100000000000565192e-03
  9.7713137419476026934717e+01   1.6487069999999999069668e-03
  9.7781671699371855766003e+01   1.5370369999999999952728e-03
  9.7850209027267680994555e+01   1.4128619999999999720663e-03
  9.7918743307163509825841e+01   1.2794040000000000446845e-03
  9.7987280635059320843538e+01   1.1395800000000000633954e-03
  9.8055817962955160282945e+01   9.8768100000000001899292e-04
  9.8124352242850989114231e+01   8.3327699999999999772721e-04
  9.8192889570746800131928e+01   6.6409900000000002609490e-04
  9.8261423850642628963215e+01   4.9073900000000001894729e-04
  9.8329961178538439980912e+01   3.0497500000000002688336e-04
  9.8398498506434279420318e+01   1.1768200000000000253302e-04
  9.8467032786330108251605e+01  -6.9915999999999999415384e-05
  9.8535570114225919269302e+01  -2.4815299999999998036698e-04
  9.8604104394121762311443e+01  -4.2268200000000001647152e-04
  9.8672641722017573329140e+01  -5.6661999999999999259176e-04
  9.8741179049913412768547e+01  -7.0250900000000003273182e-04
  9.8809713329809241599833e+01  -8.0840899999999995054201e-04
  9.8878250657705052617530e+01  -8.9662900000000002407458e-04
  9.8946784937600881448816e+01  -9.6079599999999998078543e-04
  9.9015322265496720888223e+01  -1.0000519999999999722073e-03
  9.9083859593392531905920e+01  -1.0301349999999999482864e-03
  9.9152393873288360737206e+01  -1.0096869999999999976958e-03
  9.9220931201184171754903e+01  -9.7579199999999995714800e-04
  9.9289465481080000586189e+01  -8.7240600000000004948797e-04
  9.9358002808975840025596e+01  -7.1355400000000003286199e-04
  9.9426540136871651043293e+01  -4.7963500000000001141989e-04
  9.9495074416767479874579e+01  -1.1372000000000000218079e-04
  9.9563611744663305103131e+01   3.3248600000000000116024e-04
  9.9632146024559133934417e+01   7.3030000000000002465667e-04
  9.9700683352454959162969e+01   1.1077710000000000160891e-03
  9.9769220680350784391521e+01   1.3052429999999999848254e-03
  9.9837754960246613222807e+01   1.4649680000000000860971e-03
  9.9906292288142424240505e+01   1.5446200000000000207567e-03
  9.9974826568038253071791e+01   1.5755710000000000027554e-03
  1.0004336389593409251120e+02   1.5737909999999999486470e-03
  1.0011190122382990352889e+02   1.5185330000000000789245e-03
  1.0018043550372573236018e+02   1.4504240000000000708480e-03
  1.0024897283162155758873e+02   1.3493109999999999566028e-03
  1.0031750711151738642002e+02   1.2372939999999998939018e-03
  1.0038604443941321164857e+02   1.0980980000000000428029e-03
  1.0045458176730903687712e+02   9.4110299999999999162603e-04
  1.0052311604720486570841e+02   7.7012599999999999198647e-04
  1.0059165337510067672611e+02   5.8293899999999998322309e-04
  1.0066018765499650555739e+02   3.9151499999999999452813e-04
  1.0072872498289234499680e+02   1.9092199999999999926112e-04
  1.0079726231078815601450e+02  -1.1423999999999999381398e-05
  1.0086579659068398484578e+02  -2.1675099999999999879005e-04
  1.0093433391857979586348e+02  -4.2504700000000001161582e-04
  1.0100286819847562469477e+02  -6.3365000000000003353012e-04
  1.0107140552637146413417e+02  -8.4728199999999998306977e-04
  1.0113994285426728936272e+02  -1.0614549999999999940065e-03
  1.0120847713416311819401e+02  -1.2729889999999999782021e-03
  1.0127701446205892921171e+02  -1.4833480000000000015997e-03
  1.0134554874195475804299e+02  -1.6889360000000000396753e-03
  1.0141408606985059748240e+02  -1.8911970000000000603074e-03
  1.0148262339774640850010e+02  -2.0882740000000002064673e-03
  1.0155115767764223733138e+02  -2.2789109999999997840936e-03
  1.0161969500553804834908e+02  -2.4662970000000001072338e-03
  1.0168822928543387718037e+02  -2.6414199999999997924005e-03
  1.0175676661332971661977e+02  -2.8138769999999997846463e-03
  1.0182530394122552763747e+02  -2.9746410000000000906084e-03
  1.0189383822112135646876e+02  -3.1318969999999998060636e-03
  1.0196237554901718169731e+02  -3.2806990000000002018210e-03
  1.0203090982891301052859e+02  -3.4259120000000001411700e-03
  1.0209944715680883575715e+02  -3.5685249999999999089006e-03
  1.0216798448470466098570e+02  -3.7080080000000000504945e-03
  1.0223651876460048981698e+02  -3.8469089999999999188174e-03
  1.0230505609249630083468e+02  -3.9832169999999998341589e-03
  1.0237359037239212966597e+02  -4.1222630000000001423976e-03
  1.0244212770028796910537e+02  -4.2605669999999998265316e-03
  1.0251066502818378012307e+02  -4.4066900000000004331002e-03
  1.0257919930807960895436e+02  -4.5531330000000000066129e-03
  1.0264773663597543418291e+02  -4.7163520000000000442775e-03
  1.0271627091587126301420e+02  -4.8837139999999999370739e-03
  1.0278480824376708824275e+02  -5.0653269999999996769935e-03
  1.0285334557166291347130e+02  -5.2419809999999997240927e-03
  1.0292187985155874230259e+02  -5.4230509999999999132259e-03
  1.0299041717945455332028e+02  -5.5333980000000001359117e-03
  1.0305895145935038215157e+02  -5.6079470000000002788410e-03
  1.0312748878724622159098e+02  -5.5960769999999996487938e-03
  1.0319602611514203260867e+02  -5.5637689999999996592894e-03
  1.0326456039503786143996e+02  -5.4424560000000000298259e-03
  1.0333309772293367245766e+02  -5.2461219999999997645745e-03
  1.0340163200282950128894e+02  -4.9364409999999997458175e-03
  1.0347016933072534072835e+02  -4.4857999999999998569367e-03
  1.0353870665862115174605e+02  -3.9439360000000003164677e-03
  1.0360724093851699478819e+02  -3.4790450000000000541078e-03
  1.0367577826641280580589e+02  -3.0519150000000000964862e-03
  1.0374431254630863463717e+02  -2.8467539999999999511537e-03
  1.0381284987420447407658e+02  -2.6933539999999998003355e-03
  1.0388138720210028509428e+02  -2.6308139999999999823765e-03
  1.0394992148199611392556e+02  -2.6296010000000000737808e-03
  1.0401845880989192494326e+02  -2.6723210000000000713394e-03
  1.0408699308978775377454e+02  -2.7863979999999998263260e-03
  1.0415553041768359321395e+02  -2.9243060000000002142395e-03
  1.0422406774557940423165e+02  -3.1546199999999999068201e-03
  1.0429260202547523306293e+02  -3.4132759999999998101750e-03
  1.0436113935337107250234e+02  -3.7364350000000001901512e-03
  1.0442967363326688712277e+02  -4.0770739999999999758629e-03
  1.0449821096116271235132e+02  -4.4340769999999998102203e-03
  1.0456674828905853757988e+02  -4.7796119999999999231055e-03
  1.0463528256895436641116e+02  -5.1208920000000001521157e-03
  1.0470381989685019163971e+02  -5.3928609999999996618691e-03
  1.0477235417674600626015e+02  -5.6401059999999997654485e-03
  1.0484089150464184569955e+02  -5.7488510000000001345932e-03
  1.0490942883253765671725e+02  -5.7894369999999997083995e-03
  1.0497796311243348554854e+02  -5.7290889999999997095337e-03
  1.0504650044032932498794e+02  -5.5162120000000003719465e-03
  1.0511503472022513960837e+02  -5.2265219999999999386797e-03
  1.0518357204812096483693e+02  -4.4197680000000001340754e-03
  1.0525210937601679006548e+02  -3.4736730000000000384563e-03
  1.0532064365591261889676e+02  -2.1754069999999998616391e-03
  1.0538918098380844412532e+02  -1.0533409999999999561576e-03
  1.0545771526370427295660e+02  -3.0288899999999997943168e-04
  1.0552625259160009818515e+02   1.9390900000000000301913e-04
  1.0559478991949590920285e+02   4.9589800000000004188971e-04
  1.0566332419939173803414e+02   6.5437700000000004023348e-04
  1.0573186152728757747354e+02   7.6096699999999998023648e-04
  1.0580039580718340630483e+02   7.6397699999999999376926e-04
  1.0586893313507921732253e+02   7.5024499999999997006811e-04
  1.0593747046297502834022e+02   6.9721799999999999140204e-04
  1.0600600474287085717151e+02   6.3939100000000000448286e-04
  1.0607454207076669661092e+02   5.7414300000000004914336e-04
  1.0614307635066252544220e+02   5.3700899999999996727029e-04
  1.0621161367855835067076e+02   5.1091500000000002364164e-04
  1.0628015100645416168845e+02   5.2769100000000005411260e-04
  1.0634868528634999051974e+02   5.5346599999999996234018e-04
  1.0641722261424582995915e+02   6.1492899999999995307165e-04
  1.0648575689414165879043e+02   6.6914700000000003603934e-04
  1.0655429422203746980813e+02   7.2695300000000001756917e-04
  1.0662283154993328082583e+02   7.6254999999999996829897e-04
  1.0669136582982910965711e+02   7.9054299999999999657568e-04
  1.0675990315772494909652e+02   7.9942100000000002914258e-04
  1.0682843743762077792780e+02   8.0183800000000002988765e-04
  1.0689697476551658894550e+02   7.8605700000000005341766e-04
  1.0696551209341241417405e+02   7.5865600000000002218342e-04
  1.0703404637330824300534e+02   7.1900800000000003858042e-04
  1.0710258370120406823389e+02   6.5640299999999995612249e-04
  1.0717111798109989706518e+02   5.8099300000000002591055e-04
  1.0723965530899572229373e+02   4.7499599999999999027506e-04
  1.0730819263689153331143e+02   3.5708499999999998705466e-04
  1.0737672691678736214271e+02   2.0806000000000001034194e-04
  1.0744526424468320158212e+02   4.5862000000000002373698e-05
  1.0751379852457903041341e+02  -1.3354999999999999358603e-04
  1.0758233585247484143110e+02  -3.2867699999999998392713e-04
  1.0765087318037066665966e+02  -5.3267300000000000065326e-04
  1.0771940746026649549094e+02  -7.5043300000000000282707e-04
  1.0778794478816232071949e+02  -9.7205100000000003480916e-04
  1.0785647906805814955078e+02  -1.2051069999999999664275e-03
  1.0792501639595397477933e+02  -1.4402830000000001013649e-03
  1.0799355372384978579703e+02  -1.6810889999999999774166e-03
  1.0806208800374561462831e+02  -1.9255690000000000219188e-03
  1.0813062533164145406772e+02  -2.1722209999999997874498e-03
  1.0819915961153728289901e+02  -2.4244399999999999284483e-03
  1.0826769693943309391670e+02  -2.6770760000000000215781e-03
  1.0833623426732890493440e+02  -2.9332519999999999080198e-03
  1.0840476854722473376569e+02  -3.1894229999999998241555e-03
  1.0847330587512057320509e+02  -3.4478930000000000515026e-03
  1.0854184015501640203638e+02  -3.7043729999999999540072e-03
  1.0861037748291222726493e+02  -3.9579730000000000467164e-03
  1.0867891481080803828263e+02  -4.2046000000000001775580e-03
  1.0874744909070386711392e+02  -4.4437749999999996350364e-03
  1.0881598641859970655332e+02  -4.6787449999999997790612e-03
  1.0888452069849553538461e+02  -4.9086800000000003346701e-03
  1.0895305802639134640231e+02  -5.1262249999999998789635e-03
  1.0902159535428715742000e+02  -5.3382630000000002093441e-03
  1.0909012963418298625129e+02  -5.5420549999999997245470e-03
  1.0915866696207882569070e+02  -5.7391059999999998950115e-03
  1.0922720124197465452198e+02  -5.9306719999999996800755e-03
  1.0929573856987046553968e+02  -6.1165009999999998824283e-03
  1.0936427589776629076823e+02  -6.2986020000000003671303e-03
  1.0943281017766211959952e+02  -6.4736450000000000937206e-03
  1.0950134750555794482807e+02  -6.6471600000000000477152e-03
  1.0956988178545377365936e+02  -6.8117619999999998517404e-03
  1.0963841911334959888791e+02  -6.9798839999999995678537e-03
  1.0970695644124542411646e+02  -7.1459430000000000865468e-03
  1.0977549072114123873689e+02  -7.3312139999999999598335e-03
  1.0984402804903707817630e+02  -7.5285109999999998836584e-03
  1.0991256232893290700758e+02  -7.7506789999999999019042e-03
  1.0998109965682871802528e+02  -7.9680059999999997000231e-03
  1.1004963698472455746469e+02  -8.1165260000000006429532e-03
  1.1011817126462037208512e+02  -8.1897319999999999146079e-03
  1.1018670859251619731367e+02  -8.1626509999999999345199e-03
  1.1025524287241202614496e+02  -8.0198030000000006950467e-03
  1.1032378020030785137351e+02  -7.7718190000000001230185e-03
  1.1039231752820367660206e+02  -7.2219279999999998545523e-03
  1.1046085180809949122249e+02  -6.4670539999999998581615e-03
  1.1052938913599533066190e+02  -5.2317719999999999849760e-03
  1.1059792341589115949319e+02  -3.9747730000000000213922e-03
  1.1066646074378697051088e+02  -2.9388000000000000927480e-03
  1.1073499807168280995029e+02  -2.2022750000000000658584e-03
  1.1080353235157863878158e+02  -1.7275710000000000111237e-03
  1.1087206967947444979927e+02  -1.4135540000000000257496e-03
  1.1094060395937027863056e+02  -1.1746689999999999302199e-03
  1.1100914128726608964826e+02  -9.9186799999999991639399e-04
  1.1107767861516192908766e+02  -7.9041699999999996423955e-04
  1.1114621289505775791895e+02  -6.0594800000000003346867e-04
  1.1121475022295358314750e+02  -3.8872000000000000519487e-04
  1.1128328450284941197879e+02  -1.9378999999999999958450e-04
  1.1135182183074522299648e+02  -1.0862000000000000357625e-05
  1.1142035915864106243589e+02   1.4385499999999999741311e-04
  1.1148889343853689126718e+02   2.6957800000000002680484e-04
  1.1155743076643270228487e+02   3.7592399999999997388736e-04
  1.1162596504632853111616e+02   4.5965799999999999584169e-04
  1.1169450237422434213386e+02   5.1181200000000005249229e-04
  1.1176303970212018157326e+02   5.4267099999999999539180e-04
  1.1183157398201601040455e+02   5.5443899999999999520656e-04
  1.1190011130991182142225e+02   5.5387399999999998960465e-04
  1.1196864558980765025353e+02   5.4632900000000002033868e-04
  1.1203718291770347548209e+02   5.3062300000000003213918e-04
  1.1210572024559930071064e+02   5.1581700000000001160583e-04
  1.1217425452549512954192e+02   4.9973800000000000512412e-04
  1.1224279185339095477048e+02   4.8954900000000003881112e-04
  1.1231132613328678360176e+02   4.8233999999999999314451e-04
  1.1237986346118259461946e+02   4.8032700000000001089306e-04
  1.1244840078907843405887e+02   4.8207600000000001057993e-04
  1.1251693506897426289015e+02   4.8699000000000002485664e-04
  1.1258547239687007390785e+02   4.9452499999999999930056e-04
  1.1265400667676590273913e+02   5.0340400000000004761269e-04
  1.1272254400466172796769e+02   5.1341799999999996901440e-04
  1.1279108133255755319624e+02   5.2455500000000000824368e-04
  1.1285961561245338202752e+02   5.3580599999999999928646e-04
  1.1292815294034920725608e+02   5.4723900000000003703698e-04
  1.1299668722024503608736e+02   5.5891899999999995231337e-04
  1.1306522454814084710506e+02   5.6957500000000000749817e-04
  1.1313376187603668654447e+02   5.8040800000000003066453e-04
  1.1320229615593251537575e+02   5.8980399999999997932842e-04
  1.1327083348382832639345e+02   5.9813699999999999593753e-04
  1.1333936776372415522474e+02   6.0730599999999994829947e-04
  1.1340790509161996624243e+02   6.1549000000000000411282e-04
  1.1347644241951580568184e+02   6.2365299999999994611660e-04
  1.1354497669941163451313e+02   6.3127099999999998058281e-04
  1.1361351402730745974168e+02   6.4048299999999995946870e-04
  1.1368204830720328857296e+02   6.4871299999999998062150e-04
  1.1375058563509909959066e+02   6.5989200000000003062950e-04
  1.1381912296299493903007e+02   6.6918700000000001532757e-04
  1.1388765724289076786135e+02   6.7930699999999997942129e-04
  1.1395619457078657887905e+02   6.8757799999999999560757e-04
  1.1402472885068240771034e+02   6.9351000000000004655498e-04
  1.1409326617857821872803e+02   6.9478200000000001675809e-04
  1.1416180350647405816744e+02   6.9282800000000004190387e-04
  1.1423033778636988699873e+02   6.8532200000000003618089e-04
  1.1429887511426569801642e+02   6.7683700000000001154032e-04
  1.1436740939416152684771e+02   6.6421799999999994821437e-04
  1.1443594672205735207626e+02   6.5120300000000004656681e-04
  1.1450448404995317730481e+02   6.3782800000000000606448e-04
  1.1457301832984900613610e+02   6.2410099999999995266931e-04
  1.1464155565774483136465e+02   6.1320899999999997631583e-04
  1.1471008993764066019594e+02   6.0295100000000000778355e-04
  1.1477862726553647121364e+02   5.9597499999999999868022e-04
  1.1484716459343231065304e+02   5.9191199999999999370459e-04
  1.1491569887332813948433e+02   5.8930699999999996020056e-04
  1.1498423620122395050203e+02   5.8886500000000004811929e-04
  1.1505277048111977933331e+02   5.8935599999999997277572e-04
  1.1512130780901560456186e+02   5.8956299999999997943356e-04
  1.1518984513691142979042e+02   5.9028699999999999486339e-04
  1.1525837941680725862170e+02   5.8798100000000000711631e-04
  1.1532691674470308385025e+02   5.8518500000000000203781e-04
  1.1539545102459891268154e+02   5.7968500000000003097994e-04
  1.1546398835249472369924e+02   5.7216099999999995868311e-04
  1.1553252568039056313864e+02   5.6257599999999996151501e-04
  1.1560105996028639196993e+02   5.5104799999999994584987e-04
  1.1566959728818220298763e+02   5.3806100000000005138812e-04
  1.1573813156807803181891e+02   5.2417900000000005114598e-04
  1.1580666889597387125832e+02   5.0957100000000000398354e-04
  1.1587520622386968227602e+02   4.9512000000000004357875e-04
  1.1594374050376551110730e+02   4.8189100000000002505668e-04
  1.1601227783166132212500e+02   4.6934599999999998846609e-04
  1.1608081211155715095629e+02   4.5893600000000001190234e-04
  1.1614934943945299039569e+02   4.4997899999999998229411e-04
  1.1621788676734881562425e+02   4.4360100000000001049458e-04
  1.1628642104724464445553e+02   4.3967600000000000995751e-04
  1.1635495837514045547323e+02   4.3758799999999998522546e-04
  1.1642349265503628430451e+02   4.3880900000000001978315e-04
  1.1649202998293212374392e+02   4.4106400000000001767470e-04
  1.1656056731082793476162e+02   4.4588499999999997710706e-04
  1.1662910159072376359291e+02   4.5127999999999997542827e-04
  1.1669763891861957461060e+02   4.5834599999999999214023e-04
  1.1676617319851540344189e+02   4.6519900000000001614314e-04
  1.1683471052641124288130e+02   4.7266899999999999713862e-04
  1.1690324785430705389899e+02   4.7877199999999997580627e-04
  1.1697178213420288273028e+02   4.8437600000000001227579e-04
  1.1704031946209870795883e+02   4.8823399999999998787395e-04
  1.1710885374199453679012e+02   4.9130300000000000880396e-04
  1.1717739106989036201867e+02   4.9300199999999998017042e-04
  1.1724592839778618724722e+02   4.9424400000000002011746e-04
  1.1731446267768201607851e+02   4.9365200000000002307499e-04
  1.1738300000557782709620e+02   4.9233499999999999485745e-04
  1.1745153428547365592749e+02   4.8943399999999996283218e-04
  1.1752007161336949536690e+02   4.8531600000000001344028e-04
  1.1758860589326532419818e+02   4.7999400000000002610920e-04
  1.1765714322116113521588e+02   4.7296200000000000263425e-04
  1.1772568054905696044443e+02   4.6508100000000000134870e-04
  1.1779421482895278927572e+02   4.5513299999999998072045e-04
  1.1786275215684861450427e+02   4.4455599999999997678710e-04
  1.1793128643674444333556e+02   4.3293100000000000592698e-04
  1.1799982376464026856411e+02   4.2084600000000000220163e-04
  1.1806836109253607958181e+02   4.0822500000000001580541e-04
  1.1813689537243190841309e+02   3.9551099999999997456485e-04
  1.1820543270032774785250e+02   3.8281399999999998415290e-04
  1.1827396698022357668378e+02   3.7042800000000001160033e-04
  1.1834250430811938770148e+02   3.5867299999999999963324e-04
  1.1841104163601519871918e+02   3.4706199999999997815592e-04
  1.1847957591591102755046e+02   3.3593300000000001067843e-04
  1.1854811324380686698987e+02   3.2483799999999998222786e-04
  1.1861664752370269582116e+02   3.1388400000000000545156e-04
  1.1868518485159852104971e+02   3.0287199999999998281316e-04
  1.1875372217949433206741e+02   2.9199999999999999610381e-04
  1.1882225645939016089869e+02   2.8069400000000000643466e-04
  1.1889079378728600033810e+02   2.7012599999999998157812e-04
  1.1895932806718182916939e+02   2.5881999999999999190897e-04
  1.1902786539507764018708e+02   2.4826600000000002485545e-04
  1.1909640272297345120478e+02   2.3752899999999999534894e-04
  1.1916493700286928003607e+02   2.2761600000000001080801e-04
  1.1923347433076511947547e+02   2.1869599999999999456746e-04
  1.1930200861066094830676e+02   2.1039499999999999391501e-04
  1.1937054593855675932446e+02   2.0457799999999999184148e-04
  1.1943908326645258455301e+02   1.9957500000000001280642e-04
  1.1950761754634841338429e+02   1.9647299999999998727958e-04
  1.1957615487424423861285e+02   1.9500299999999998949544e-04
  1.1964468915414006744413e+02   1.9450500000000000883245e-04
  1.1971322648203589267268e+02   1.9579199999999999837370e-04
  1.1978176380993170369038e+02   1.9760500000000000286882e-04
  1.1985029808982753252167e+02   2.0067899999999999410480e-04
  1.1991883541772337196107e+02   2.0414599999999999326711e-04
  1.1998736969761920079236e+02   2.0781799999999999470184e-04
  1.2005590702551501181006e+02   2.1145600000000000289954e-04
  1.2012444435341083703861e+02   2.1478600000000001336853e-04
  1.2019297863330666586990e+02   2.1735600000000001078525e-04
  1.2026151596120249109845e+02   2.1948700000000000783114e-04
  1.2033005024109831992973e+02   2.2032999999999999959054e-04
  1.2039858756899414515829e+02   2.2073300000000000233892e-04
  1.2046712489688995617598e+02   2.1950200000000000006423e-04
  1.2053565917678578500727e+02   2.1739200000000000840769e-04
  1.2060419650468162444668e+02   2.1421499999999999461035e-04
  1.2067273078457745327796e+02   2.0977699999999999407214e-04
  1.2074126811247326429566e+02   2.0478499999999999849933e-04
  1.2080980544036907531336e+02   1.9902400000000001079742e-04
  1.2087833972026490414464e+02   1.9303199999999999091765e-04
  1.2094687704816074358405e+02   1.8666799999999999560597e-04
  1.2101541132805657241533e+02   1.8029100000000001244663e-04
  1.2108394865595238343303e+02   1.7378799999999999695115e-04
  1.2115248598384822287244e+02   1.6727899999999999540445e-04
  1.2122102026374403749287e+02   1.6073500000000001198056e-04
  1.2128955759163987693228e+02   1.5409800000000000081736e-04
  1.2135809187153570576356e+02   1.4739700000000001195097e-04
  1.2142662919943151678126e+02   1.4040100000000001320352e-04
  1.2149516652732735622067e+02   1.3325500000000001081003e-04
  1.2156370080722315663024e+02   1.2573799999999999451976e-04
  1.2163223813511899606965e+02   1.1798400000000000065799e-04
  1.2170077241501482490094e+02   1.1010299999999999937244e-04
  1.2176930974291063591863e+02   1.0222199999999999808688e-04
  1.2183784707080647535804e+02   9.4434999999999999628283e-05
  1.2190638135070228997847e+02   8.7366000000000003443239e-05
  1.2197491867859811520702e+02   8.0537000000000004960345e-05
  1.2204345295849394403831e+02   7.4787000000000000720680e-05
  1.2211199028638976926686e+02   6.9383999999999998410313e-05
  1.2218052761428559449541e+02   6.4665000000000005136482e-05
  1.2224906189418142332670e+02   6.0324000000000000450834e-05
  1.2231759922207724855525e+02   5.6231999999999999649211e-05
  1.2238613350197307738654e+02   5.2195999999999999666676e-05
  1.2245467082986888840423e+02   4.8158000000000002074983e-05
  1.2252320815776472784364e+02   4.3675999999999999925167e-05
  1.2259174243766055667493e+02   3.9048000000000002900156e-05
  1.2266027976555636769262e+02   3.3837999999999996878462e-05
  1.2272881404545219652391e+02   2.8464999999999999363062e-05
  1.2279735137334802175246e+02   2.2900999999999999780015e-05
  1.2286588870124384698101e+02   1.7237000000000001154405e-05
  1.2293442298113967581230e+02   1.1502999999999999810869e-05
  1.2300296030903550104085e+02   6.0789999999999997344429e-06
  1.2307149458893132987214e+02   7.1600000000000000571613e-07
  1.2314003191682714088984e+02  -4.2869999999999997816530e-06
  1.2320856924472298032924e+02  -9.2129999999999997133257e-06
  1.2327710352461880916053e+02  -1.3945999999999999968193e-05
  1.2334564085251462017823e+02  -1.8708000000000001131250e-05
  1.2341417513241044900951e+02  -2.3461999999999999999209e-05
  1.2348271246030626002721e+02  -2.8444000000000000749970e-05
  1.2355124978820209946662e+02  -3.3467999999999998726914e-05
  1.2361978406809792829790e+02  -3.8785999999999997615938e-05
  1.2368832139599375352645e+02  -4.4131000000000001498059e-05
  1.2375685567588958235774e+02  -4.9453000000000002381664e-05
  1.2382539300378539337544e+02  -5.4691999999999997453086e-05
  1.2389393033168123281484e+02  -5.9805000000000000845955e-05
  1.2396246461157706164613e+02  -6.4634000000000004925067e-05
  1.2403100193947287266383e+02  -6.9283999999999995979619e-05
  1.2707900193483990847199e+02   0.0000000000000000000000e+00
  1.3012700193020694428014e+02   0.0000000000000000000000e+00
  1.4313970212322766428770e+02 0.00